60 60 7
21 25 21 13 27 26 24 17 21 21 17 22 15 16 17 14 20 22 20 13 21 11 16 24 11 11 21 18 15 26 10 22 17 18 14 19 11 20 24 10 12 21 23 24 18 15 27 17 27 27 19 22 11 13 10 21 22 15 15 20 
69 63 82 54 89 86 98 
0 228 77 114 174 135 58 27 96 24 197 24 67 86 131 40 178 24 149 118 150 73 120 107 40 214 230 80 104 82 167 119 231 151 182 229 203 115 118 169 107 88 107 25 163 214 143 218 103 120 56 138 181 160 128 27 146 126 79 205 29 164 95 215 174 55 222 89 175 128 154 144 52 178 184 143 140 227 173 218 99 24 37 127 43 44 190 205 162 88 203 36 72 148 79 236 82 158 29 87 187 180 26 95 194 104 132 128 196 71 28 93 70 110 45 211 200 197 116 95 215 211 169 82 163 109 204 151 146 208 46 134 229 202 31 53 204 123 55 66 60 141 33 51 183 186 41 44 47 141 167 72 24 150 200 211 111 165 116 236 131 137 78 54 96 194 112 127 125 95 139 234 67 202 226 101 135 153 236 188 166 148 226 76 195 132 102 212 214 169 36 32 125 116 143 102 222 46 153 209 216 212 113 60 185 42 100 133 141 217 172 137 63 147 191 167 164 160 45 226 109 239 65 206 55 191 118 48 33 130 144 171 81 209 234 156 216 85 108 131 240 
228 0 169 93 164 26 148 144 138 195 75 169 80 198 178 224 125 106 125 181 239 140 233 63 177 63 89 110 186 58 159 147 35 213 151 69 234 58 38 151 115 70 235 161 39 180 200 28 101 133 170 205 30 93 124 50 131 67 37 177 149 67 38 197 93 223 57 136 162 26 77 187 32 100 195 111 112 144 139 26 94 24 31 45 117 224 109 175 71 74 73 159 232 108 86 76 94 183 228 212 197 221 95 84 212 184 135 218 117 186 43 101 152 210 103 69 133 176 128 91 122 180 27 147 145 117 185 235 169 74 74 236 102 185 118 199 99 164 123 34 80 49 132 57 186 113 110 103 152 62 140 99 219 189 211 218 88 171 216 106 79 57 86 209 191 95 97 146 240 182 140 140 153 149 166 72 234 126 217 138 125 172 53 174 203 239 202 237 70 31 239 101 128 106 111 163 35 174 213 164 186 26 101 201 71 180 63 77 193 145 124 182 204 66 49 74 134 60 33 182 178 113 26 33 99 198 138 121 56 216 123 144 99 238 183 96 114 232 212 24 189 
77 169 0 43 194 134 38 95 184 225 194 123 84 26 172 159 223 222 203 61 119 36 58 135 89 72 49 223 68 73 220 32 113 29 237 211 173 151 159 98 98 155 103 211 197 190 117 70 26 25 50 210 130 84 85 83 92 131 236 96 129 109 37 240 153 177 137 121 25 177 135 101 198 43 67 35 155 67 70 124 185 48 50 101 41 197 78 124 102 148 77 189 163 185 58 207 41 241 153 42 185 235 213 87 49 42 192 156 35 158 165 147 63 138 197 24 141 223 150 188 158 236 57 83 106 202 217 199 184 180 128 182 166 115 224 106 239 169 216 32 121 142 185 186 127 53 181 140 45 94 74 75 102 97 159 181 141 29 195 128 36 172 145 195 179 94 156 84 189 55 58 155 27 216 161 34 181 152 121 82 169 82 96 205 189 217 65 230 171 116 135 93 130 226 171 75 230 41 170 225 101 93 128 161 46 65 130 228 91 231 232 97 167 180 240 241 27 25 136 60 227 74 45 148 202 183 59 138 217 69 151 45 121 106 51 54 193 27 196 78 111 
114 93 43 0 186 151 157 167 100 95 86 136 182 71 87 50 176 33 126 200 26 132 37 203 171 160 119 91 195 111 216 149 147 105 94 91 233 178 44 198 34 125 70 105 49 100 224 176 69 173 113 230 52 133 145 225 138 171 228 73 158 163 66 232 80 51 207 72 64 153 33 211 223 51 173 79 69 57 118 64 92 35 66 56 31 192 224 48 145 210 144 31 112 168 168 159 218 191 108 105 198 179 119 168 36 120 81 68 78 151 68 120 233 238 150 143 46 124 60 32 191 37 52 60 44 94 194 30 104 227 25 59 164 145 238 80 227 36 87 111 197 59 88 72 121 102 124 31 33 78 187 237 24 212 125 109 31 174 99 74 161 62 104 227 130 111 25 94 54 56 57 176 54 178 177 161 236 94 126 207 189 68 70 64 59 154 69 116 182 166 152 152 214 121 234 109 94 72 195 33 215 42 151 195 153 231 152 140 200 188 126 99 164 212 125 131 103 159 217 63 171 156 231 27 44 227 101 170 237 224 47 161 216 28 206 192 211 146 199 26 31 
174 164 194 186 0 238 222 29 147 168 152 200 96 90 196 70 36 94 235 132 90 123 160 80 108 27 124 141 77 191 218 205 165 196 170 45 108 69 219 55 155 35 204 69 125 89 230 229 195 167 158 220 200 241 210 139 123 44 172 222 156 80 103 97 95 64 197 157 225 145 59 211 41 226 196 40 135 169 73 181 118 36 126 97 185 74 29 52 65 143 49 129 135 197 74 138 168 89 219 240 151 178 213 48 96 191 135 28 90 168 204 64 156 25 71 176 112 173 183 225 211 205 233 221 70 48 118 147 52 54 238 155 41 37 91 85 224 197 137 173 189 96 25 160 60 164 96 163 113 218 94 172 229 105 138 49 194 106 50 77 195 195 120 38 108 151 105 164 30 217 197 83 70 201 48 120 193 39 221 165 154 25 119 110 182 25 66 56 115 150 76 156 211 166 160 31 178 233 129 82 235 80 206 175 164 41 164 25 89 139 81 132 193 148 221 143 224 149 43 77 199 28 191 179 66 205 226 216 212 129 212 118 200 110 28 57 147 109 108 107 235 
135 26 134 151 238 0 179 94 140 173 226 56 193 150 168 117 153 95 27 29 166 116 131 97 58 158 61 62 55 55 38 240 120 160 199 24 109 24 42 94 157 174 202 222 226 39 131 98 44 180 140 241 224 178 41 197 159 75 137 239 40 26 58 45 144 185 160 138 108 43 161 157 239 57 47 59 208 174 103 185 236 39 147 140 180 136 32 136 183 31 132 229 97 227 86 110 168 230 181 73 166 123 163 172 25 226 125 59 86 211 222 163 94 163 140 98 139 129 206 240 69 121 128 140 97 222 87 165 140 62 150 59 240 123 54 44 98 163 218 76 34 220 156 151 58 64 229 218 138 106 169 179 202 48 43 56 110 95 137 112 215 209 72 100 101 202 32 170 171 108 209 39 168 126 205 203 114 28 83 226 109 78 75 226 76 101 186 52 194 67 73 157 30 167 41 164 194 187 78 89 188 42 48 62 30 106 237 180 176 70 193 67 176 41 181 85 184 204 126 148 98 185 73 226 37 102 185 212 233 96 34 57 164 78 113 54 97 97 80 110 132 
58 148 38 157 222 179 0 64 33 42 151 216 148 214 141 135 168 193 143 172 81 238 130 101 190 115 194 216 171 157 122 68 168 81 179 193 85 217 89 99 94 172 183 225 79 227 106 42 61 214 25 50 85 229 198 232 71 226 241 154 38 231 222 76 140 139 111 87 234 123 58 118 233 184 129 51 161 66 116 233 161 28 116 70 92 162 143 27 190 83 100 66 30 35 126 192 130 86 177 84 156 61 42 36 182 64 24 204 130 124 72 213 114 72 136 71 241 106 73 91 241 210 191 78 176 133 191 38 109 42 226 204 211 31 114 93 28 43 89 181 188 74 103 219 141 33 85 60 55 90 189 109 202 119 139 235 169 38 217 125 109 113 117 120 61 92 232 66 90 126 132 47 155 182 180 118 160 201 232 85 111 125 192 139 36 144 115 66 159 130 187 109 230 225 109 25 75 206 58 159 107 172 138 25 128 38 66 92 106 216 207 173 153 80 30 121 40 129 139 214 78 92 82 32 129 134 222 235 211 160 238 45 108 211 42 44 85 111 98 206 82 
27 144 95 167 29 94 64 0 154 52 211 198 208 84 116 82 42 240 36 162 206 118 120 34 121 64 211 174 148 84 39 236 91 193 152 55 115 129 158 164 150 116 102 169 36 100 215 195 128 212 66 184 123 95 229 123 168 214 110 234 73 157 62 209 189 123 96 217 29 139 93 159 133 186 30 76 93 64 113 138 45 132 115 176 130 50 69 168 57 55 239 42 235 50 98 180 124 204 133 194 163 204 200 45 57 157 195 103 114 138 226 24 88 146 148 166 110 214 176 179 161 198 223 25 93 68 241 158 168 70 167 41 129 239 182 128 47 228 32 238 148 59 165 134 222 214 121 45 205 86 41 36 113 138 48 56 34 93 90 81 167 198 73 146 122 53 134 125 162 70 107 235 143 70 206 164 220 141 182 94 107 163 121 134 30 126 86 143 98 205 129 222 123 240 54 221 70 119 79 115 110 170 52 140 165 208 123 99 163 57 159 77 222 157 82 157 114 34 128 100 200 190 228 109 45 193 226 163 217 205 229 56 25 229 213 40 146 114 225 235 49 
96 138 184 100 147 140 33 154 0 130 166 99 116 149 37 109 239 170 201 219 161 227 53 205 150 215 59 117 46 122 166 183 233 191 107 218 180 195 229 201 42 82 235 228 70 69 75 104 137 154 130 150 175 90 204 125 220 96 163 91 214 59 110 211 28 210 112 156 73 44 195 161 80 141 37 54 227 227 42 120 36 231 215 226 65 139 39 141 73 32 219 156 174 77 133 84 234 149 122 138 203 30 148 94 55 213 69 38 128 219 223 190 58 235 191 187 49 123 185 37 209 188 201 89 33 133 189 208 59 47 36 191 24 140 198 230 99 92 126 109 93 129 214 55 158 156 125 159 220 72 172 93 234 137 190 72 213 227 35 154 58 156 68 131 228 240 42 94 238 84 47 223 226 213 172 82 219 95 153 121 155 78 92 147 133 31 58 44 216 133 26 118 94 86 213 199 67 94 36 128 181 31 40 113 149 240 110 127 183 98 215 131 132 50 168 214 26 116 129 182 84 187 29 150 155 121 191 103 152 172 95 161 80 140 142 197 59 172 204 193 145 
24 195 225 95 168 173 42 52 130 0 80 193 118 85 79 110 200 132 212 65 123 107 209 28 187 110 139 187 27 151 160 65 80 154 194 135 103 60 87 197 141 162 212 47 113 113 92 224 190 79 67 138 121 235 85 218 97 221 87 43 78 130 146 99 149 98 116 122 222 39 141 141 121 136 117 169 58 236 143 153 231 209 30 46 116 46 234 56 201 75 124 85 129 100 173 90 120 222 58 124 90 124 72 99 198 182 158 216 86 167 87 210 211 177 170 159 67 228 163 204 171 124 107 162 71 230 157 31 150 32 172 64 119 77 213 184 151 101 152 113 197 90 177 195 88 71 229 233 26 37 232 109 162 40 179 203 109 44 100 54 185 66 29 37 33 135 216 169 27 40 29 236 48 52 204 158 63 46 100 175 215 30 166 235 228 203 182 66 165 86 228 181 237 224 150 182 88 219 231 104 98 192 125 88 231 153 150 194 51 112 94 48 120 41 216 61 32 235 165 234 83 125 52 156 37 224 218 111 125 97 102 105 117 39 216 103 201 63 183 183 80 
197 75 194 86 152 226 151 211 166 80 0 190 25 200 202 219 178 177 56 227 61 187 138 206 65 86 83 85 68 177 88 164 91 95 75 80 107 55 106 53 43 86 61 40 135 195 215 186 97 216 87 140 165 31 69 151 187 101 154 235 132 44 125 184 106 56 66 191 94 111 36 116 62 105 36 241 211 153 185 69 179 175 38 116 198 38 80 202 199 96 34 58 84 234 204 74 191 137 149 58 207 213 104 219 169 27 205 162 166 230 67 41 204 79 126 48 219 217 181 56 65 176 66 88 202 51 53 106 154 211 178 130 72 99 141 107 105 99 213 93 74 210 45 166 117 50 133 198 75 216 85 169 62 230 216 103 25 83 235 91 97 146 51 228 192 142 157 168 207 60 218 93 172 127 137 68 59 34 80 225 71 141 169 213 113 190 100 152 151 114 193 217 89 146 31 67 84 208 183 113 98 36 213 134 183 70 176 89 201 166 29 82 154 115 154 128 212 214 139 220 56 176 125 157 218 115 113 114 106 40 52 50 97 170 135 71 31 206 40 180 118 
24 169 123 136 200 56 216 198 99 193 190 0 231 75 185 160 195 195 153 46 74 60 52 111 127 132 121 208 196 95 195 208 195 179 232 51 176 80 161 59 115 46 115 146 196 235 223 222 179 72 198 194 154 141 120 181 209 156 177 197 237 204 79 141 177 89 199 150 92 48 115 200 183 110 82 194 201 159 213 81 77 224 223 29 194 106 172 30 201 210 225 235 48 39 181 152 56 48 102 27 102 29 41 140 191 135 49 75 238 34 32 225 27 37 175 143 126 47 175 181 160 240 92 60 27 64 157 141 78 200 220 72 232 241 75 33 158 179 238 199 52 88 29 178 62 72 138 68 141 179 177 210 204 97 46 103 62 228 186 164 149 106 28 170 58 191 187 89 94 159 186 227 203 142 44 212 184 38 167 47 169 160 212 93 222 176 87 25 221 170 179 97 71 174 162 97 133 207 38 200 116 219 118 132 27 187 212 231 201 24 163 66 36 121 75 151 36 197 151 231 141 240 225 156 112 211 46 63 103 129 220 221 87 121 87 178 194 58 129 239 113 
67 80 84 182 96 193 148 208 116 118 25 231 0 29 220 103 184 105 28 96 91 174 229 70 229 208 193 66 147 49 46 111 151 175 237 94 191 37 79 71 238 31 145 67 79 130 109 214 202 116 81 209 62 145 153 168 196 211 221 76 197 107 213 170 112 222 89 125 197 50 226 75 228 176 39 68 67 228 222 169 54 214 124 116 166 137 98 76 171 134 179 99 80 87 44 127 99 51 190 31 25 211 203 108 125 108 160 167 63 68 209 175 72 88 64 45 189 182 213 47 55 194 142 123 138 207 136 206 208 107 67 126 120 227 111 83 141 139 221 197 166 207 212 100 24 102 153 230 88 139 137 163 155 81 76 75 175 46 177 25 53 55 220 194 57 134 114 227 233 58 92 118 186 88 84 120 148 38 135 164 36 34 72 171 82 207 63 217 205 72 92 177 114 90 235 154 163 137 54 76 167 209 41 47 183 149 66 203 202 187 63 69 179 217 182 99 85 134 65 114 52 63 65 196 190 54 92 56 187 179 81 162 227 61 84 63 39 210 170 170 224 
86 198 26 71 90 150 214 84 149 85 200 75 29 0 188 39 26 240 118 103 112 82 76 206 222 146 236 30 118 74 54 223 32 201 111 140 24 108 32 139 164 203 49 146 71 88 188 187 118 112 163 161 134 25 211 116 230 89 91 192 139 100 129 151 135 165 145 98 48 143 43 40 98 127 205 210 121 88 138 79 121 29 195 35 141 185 211 85 91 58 185 133 87 131 42 40 132 41 173 89 230 106 73 159 200 235 169 139 234 225 179 51 89 177 160 214 121 104 24 59 56 68 76 41 60 86 195 164 92 74 192 151 101 84 80 221 48 214 36 32 69 236 122 206 26 230 137 70 123 232 194 235 73 84 32 36 230 24 53 132 199 110 85 37 141 100 48 31 181 220 151 188 215 213 83 129 123 62 45 184 198 178 85 130 218 89 36 76 239 75 53 184 111 240 100 136 57 46 76 131 130 64 171 209 197 203 45 67 215 36 124 212 74 124 233 80 39 154 208 152 106 116 153 203 163 47 57 232 234 234 125 135 68 34 87 34 115 81 100 228 116 
131 178 172 87 196 168 141 116 37 79 202 185 220 188 0 74 64 111 46 236 154 123 134 106 167 83 30 70 72 51 130 175 47 149 167 130 42 121 116 165 130 46 93 33 29 212 180 109 35 120 191 211 181 188 84 94 143 29 192 30 151 80 119 208 225 234 141 236 48 175 97 113 173 184 104 118 236 54 215 31 132 53 93 149 101 216 142 32 239 81 140 65 132 39 39 55 115 112 174 166 150 103 92 187 222 154 159 99 105 234 215 83 67 134 91 172 46 50 117 204 105 81 57 68 73 77 62 57 115 138 127 42 111 62 49 79 115 129 169 100 180 222 56 236 198 147 152 178 194 169 118 157 108 132 178 92 125 112 235 120 151 80 192 154 189 41 133 207 144 158 188 204 111 31 101 118 37 50 25 80 117 209 123 77 109 42 128 71 214 101 25 133 177 98 59 141 218 26 214 121 127 219 128 188 66 59 73 193 34 239 206 128 117 175 31 178 126 200 124 95 131 185 231 51 208 114 184 161 82 72 41 71 121 62 143 192 210 60 106 179 48 
40 224 159 50 70 117 135 82 109 110 219 160 103 39 74 0 77 60 90 133 84 219 127 102 241 111 31 115 93 56 74 165 168 121 191 77 117 51 37 209 207 114 133 118 161 120 171 153 228 207 120 210 134 55 217 208 130 118 136 102 116 133 134 128 102 210 119 40 153 235 234 217 204 217 180 140 90 240 132 239 213 152 201 201 100 134 241 199 143 221 109 208 42 143 95 188 61 134 57 34 63 74 146 65 119 63 153 53 191 57 207 159 193 235 133 231 226 102 25 167 95 193 198 52 143 113 201 119 66 141 208 203 220 153 214 144 182 40 174 163 60 76 127 101 53 87 40 66 167 85 156 131 145 174 178 144 30 66 24 133 152 222 30 73 47 161 141 143 94 57 139 100 85 48 42 213 92 43 193 241 194 228 35 116 171 40 30 120 40 104 101 151 169 25 51 234 120 128 129 92 84 196 231 234 57 27 75 209 218 157 212 191 200 127 45 171 221 126 168 78 238 180 206 151 117 220 239 131 232 109 28 169 78 94 172 94 208 138 231 116 53 
178 125 223 176 36 153 168 42 239 200 178 195 184 26 64 77 0 207 170 164 46 30 196 78 142 24 114 62 230 207 158 58 84 108 50 228 211 130 175 186 82 138 125 173 129 114 130 36 180 115 135 208 125 215 130 60 151 98 215 208 198 90 215 134 140 78 122 65 100 164 210 116 215 201 168 105 46 173 148 82 68 201 144 215 229 78 38 126 116 93 159 95 216 156 168 142 54 107 130 83 137 65 224 28 182 65 31 170 191 141 130 71 105 101 52 154 198 52 169 206 177 53 120 136 196 228 185 179 140 193 44 63 68 99 46 241 72 155 176 130 34 38 122 30 144 73 100 94 62 43 75 159 186 29 37 32 198 229 111 29 178 46 68 204 54 177 157 101 43 73 167 154 39 217 73 155 164 195 166 161 175 47 231 76 41 124 139 182 169 223 230 229 37 53 143 24 26 30 61 238 238 149 168 192 42 37 68 224 120 64 76 237 61 86 35 124 96 69 26 206 82 100 120 128 164 95 224 238 157 120 214 57 34 180 31 85 33 49 41 93 178 
24 106 222 33 94 95 193 240 170 132 177 195 105 240 111 60 207 0 189 109 137 240 171 192 140 87 228 73 215 68 157 35 195 228 134 160 121 74 202 214 213 162 185 85 218 215 85 58 112 214 92 138 99 206 147 192 110 100 218 212 142 145 166 138 115 55 73 159 133 181 50 197 161 34 226 73 115 95 175 89 172 117 220 137 188 240 54 147 223 61 65 62 94 231 207 60 209 65 152 68 149 84 241 104 86 109 165 76 51 154 178 81 121 119 178 44 183 207 82 27 144 155 40 181 197 76 213 173 142 131 188 105 88 39 102 67 195 55 44 131 155 212 128 192 217 190 136 223 57 134 52 105 240 140 92 60 232 165 187 183 78 136 132 136 85 114 147 227 201 169 25 240 76 168 198 194 205 52 175 225 103 240 53 234 231 114 225 128 26 119 97 228 130 175 26 116 133 67 93 129 149 191 105 51 169 109 114 48 205 64 236 100 111 53 141 134 49 127 98 179 174 84 224 227 170 162 106 75 228 123 202 57 155 86 210 169 68 106 122 161 146 
149 125 203 126 235 27 143 36 201 212 56 153 28 118 46 90 170 189 0 197 54 154 116 61 175 176 153 69 213 46 240 183 155 232 120 60 179 204 46 140 205 164 208 89 207 111 63 71 238 227 51 132 237 232 127 211 134 76 63 192 96 205 41 221 60 110 152 75 132 69 191 132 240 43 109 210 213 139 88 157 157 102 75 224 160 108 69 191 32 47 49 108 129 123 192 66 136 109 146 39 140 222 182 172 131 162 199 207 110 56 183 113 37 206 80 88 36 111 53 185 117 201 224 41 61 69 164 47 147 102 120 143 113 73 200 33 118 51 116 168 69 109 141 229 164 217 203 65 109 71 69 57 215 26 83 74 76 140 135 128 223 94 96 214 239 141 154 126 46 97 237 210 178 231 95 187 217 74 131 115 190 185 71 222 104 180 99 133 138 197 221 36 37 195 66 27 76 97 199 164 224 182 173 76 149 182 42 106 129 49 82 207 97 156 33 126 223 35 48 102 173 192 115 115 143 59 95 209 213 67 65 44 150 234 92 90 237 211 233 69 114 
118 181 61 200 132 29 172 162 219 65 227 46 96 103 236 133 164 109 197 0 38 44 199 61 202 168 31 29 77 168 202 170 28 160 148 201 197 192 125 91 150 176 45 25 92 238 104 36 32 195 46 87 239 104 61 98 141 103 113 75 138 194 117 33 34 58 139 37 95 183 106 187 89 82 101 199 24 77 199 223 52 33 217 226 68 41 106 38 71 132 89 193 86 183 149 79 193 153 51 169 225 159 180 141 103 131 80 132 228 215 238 120 177 100 43 140 117 48 79 203 199 185 171 26 128 179 228 114 222 73 42 146 112 202 42 116 54 79 139 35 81 129 112 220 168 217 88 191 167 239 67 66 134 98 78 233 157 31 241 71 176 81 71 41 44 225 229 106 209 138 165 180 54 163 119 126 148 182 51 186 83 87 214 186 210 32 41 183 232 35 146 98 111 169 26 42 224 82 84 207 202 110 75 79 191 228 120 211 161 213 210 83 78 134 231 33 95 146 150 76 154 212 37 55 53 57 221 155 157 48 49 107 79 32 227 93 136 227 135 107 59 
150 239 119 26 90 166 81 206 161 123 61 74 91 112 154 84 46 137 54 38 0 190 95 176 184 46 233 187 41 233 237 158 86 46 149 50 143 121 102 57 190 222 165 188 124 212 127 49 102 136 104 103 223 217 181 53 217 129 86 136 127 123 126 211 175 186 88 157 44 158 89 137 236 159 213 232 235 172 55 234 137 172 137 33 61 88 168 219 26 239 81 176 212 211 69 105 167 215 76 158 95 36 193 182 238 71 107 32 148 45 81 226 56 114 187 194 180 233 121 151 62 124 224 183 195 116 119 171 117 211 43 28 132 215 44 167 98 126 107 190 176 126 178 95 48 39 168 60 206 29 131 143 132 142 86 177 213 45 171 67 191 142 225 111 118 99 71 144 240 55 150 121 124 51 208 40 80 192 63 200 199 105 202 90 94 94 68 102 59 25 210 237 140 72 191 97 88 167 195 191 134 203 42 139 108 98 121 194 50 224 129 140 233 227 122 75 186 240 167 226 215 215 110 113 223 190 122 141 58 151 120 101 223 64 172 163 86 103 108 136 115 
73 140 36 132 123 116 238 118 227 107 187 60 174 82 123 219 30 240 154 44 190 0 45 83 192 122 84 109 105 204 145 143 55 183 241 116 80 70 204 66 154 33 113 143 128 81 26 95 50 60 212 90 177 135 85 34 88 47 75 97 108 209 203 142 238 103 59 215 85 190 205 114 124 72 210 117 109 30 139 93 203 41 105 195 81 85 28 101 140 91 45 175 95 230 80 229 141 74 145 205 90 230 93 71 204 210 108 109 215 124 117 88 194 75 202 110 167 42 54 146 143 119 79 192 80 71 60 201 207 62 200 56 223 102 201 25 213 120 188 90 74 140 71 42 165 56 103 198 141 35 130 189 180 231 30 53 114 106 126 135 221 155 150 58 229 71 173 230 51 42 149 103 151 112 47 238 180 155 70 33 57 124 68 143 119 174 60 139 62 35 197 51 133 95 224 162 208 194 230 96 32 172 233 33 219 31 240 139 47 179 240 194 213 47 126 156 97 82 118 106 39 67 119 204 136 142 69 44 152 66 91 96 45 90 76 203 207 124 138 41 37 
120 233 58 37 160 131 130 120 53 209 138 52 229 76 134 127 196 171 116 199 95 45 0 202 63 159 103 174 140 89 132 136 157 143 92 51 160 185 147 85 128 102 59 172 28 220 240 27 100 106 159 204 210 51 32 41 195 236 147 54 108 237 123 201 51 178 165 142 133 83 147 50 226 90 176 210 168 85 177 133 219 208 119 76 83 101 180 32 114 155 93 220 66 187 44 209 195 85 74 196 91 176 36 148 97 53 123 205 29 208 52 119 210 206 205 75 237 50 103 180 159 134 115 128 154 95 210 115 37 199 98 200 75 63 150 84 83 196 65 239 56 72 33 178 155 203 165 182 66 119 57 54 132 130 138 152 63 144 221 178 49 90 170 146 83 146 89 71 24 27 47 237 159 183 148 208 140 104 130 97 45 49 215 42 32 92 110 126 129 32 24 227 116 116 223 169 132 90 146 81 170 112 177 153 63 28 108 132 88 69 225 86 47 179 138 102 233 48 98 97 206 148 29 46 92 223 140 42 85 146 144 176 111 65 178 26 83 141 54 203 56 
107 63 135 203 80 97 101 34 205 28 206 111 70 206 106 102 78 192 61 61 176 83 202 0 29 26 103 34 192 52 200 187 241 59 194 174 76 170 26 191 205 185 120 68 68 203 241 84 95 80 126 94 34 94 152 135 42 206 36 35 240 69 149 127 144 47 48 56 102 122 79 55 53 143 189 67 34 124 51 28 92 57 143 79 26 48 187 217 125 212 98 241 151 44 165 78 25 91 235 192 53 199 58 233 129 38 120 141 182 145 24 69 45 56 50 209 35 31 233 214 199 28 180 75 221 211 211 155 220 128 32 104 143 138 212 176 219 127 199 196 87 79 227 48 45 165 198 28 144 115 50 201 125 61 41 40 153 128 141 30 70 80 203 225 206 206 35 127 128 215 122 163 117 160 147 122 119 76 211 195 204 230 116 196 28 70 183 200 204 32 225 119 86 214 202 134 63 42 126 182 139 216 33 97 138 143 158 39 145 128 74 186 123 227 159 199 73 56 64 138 44 124 202 161 85 35 219 123 169 215 123 65 82 234 157 134 41 164 227 81 222 
40 177 89 171 108 58 190 121 150 187 65 127 229 222 167 241 142 140 175 202 184 192 63 29 0 188 115 24 161 226 110 176 204 65 128 168 127 205 231 36 224 225 130 109 53 129 235 232 195 110 32 187 156 141 76 86 77 116 127 82 74 173 89 139 116 139 50 140 193 102 43 183 113 173 192 37 172 178 206 210 130 127 91 26 147 236 153 202 24 97 71 111 176 92 118 76 57 235 70 159 221 158 197 76 187 50 189 54 53 124 102 105 55 108 137 151 229 107 87 168 211 201 211 93 102 40 39 218 115 119 25 74 86 163 195 185 162 65 87 64 27 115 224 58 128 164 67 109 90 149 197 153 80 62 215 240 99 38 203 170 228 140 157 83 27 218 107 108 228 106 68 59 220 168 137 83 204 112 76 155 110 225 62 36 240 193 121 66 196 30 141 224 50 140 202 210 150 56 193 100 52 26 154 87 32 83 215 117 120 134 66 162 219 137 114 158 104 44 96 229 186 206 97 151 129 103 218 134 194 47 205 110 140 208 227 134 223 131 173 209 199 
214 63 72 160 27 158 115 64 215 110 86 132 208 146 83 111 24 87 176 168 46 122 159 26 188 0 55 115 130 111 89 64 119 216 220 45 70 112 43 147 158 86 216 103 232 161 134 192 194 115 123 143 120 238 188 96 217 40 111 109 175 31 68 155 31 174 48 120 240 154 49 169 46 80 135 153 182 45 169 52 76 237 121 221 185 147 62 105 110 25 133 175 181 226 56 104 152 182 178 49 33 41 143 110 63 62 125 202 187 88 144 83 116 164 219 111 184 115 85 119 47 100 196 30 85 114 203 138 147 127 213 62 79 123 101 197 34 39 130 112 81 70 36 63 187 148 161 181 50 231 190 220 108 152 58 98 201 96 154 225 160 62 175 45 35 157 131 119 138 72 170 158 61 63 138 230 169 122 70 221 172 135 175 109 114 233 187 67 173 205 113 134 170 92 93 202 38 36 130 85 195 112 198 151 63 212 194 153 159 158 71 62 193 127 93 88 203 181 211 189 52 104 193 182 167 147 125 148 96 101 217 208 191 174 75 216 199 135 201 45 60 
230 89 49 119 124 61 194 211 59 139 83 121 193 236 30 31 114 228 153 31 233 84 103 103 115 55 0 79 148 33 100 96 123 144 192 54 170 230 209 43 220 146 127 54 94 160 46 229 67 233 119 174 79 158 103 115 134 167 230 123 44 199 47 68 93 221 163 177 207 35 26 133 180 105 43 207 191 37 236 209 214 193 194 142 181 124 147 153 44 187 156 48 111 149 211 129 169 180 210 145 202 226 65 53 129 24 241 159 67 68 232 30 189 203 106 123 37 97 50 81 73 162 184 53 190 66 208 233 75 174 145 27 238 230 109 50 81 84 218 99 87 81 118 222 138 189 98 86 172 145 56 167 169 175 141 201 157 124 39 59 167 54 134 33 209 236 29 213 236 156 45 99 49 174 123 241 159 103 188 236 205 67 202 131 99 165 71 175 237 35 171 168 200 157 183 127 110 206 236 74 100 97 48 165 56 86 206 233 142 91 152 47 155 139 182 226 189 60 212 119 98 172 173 53 114 34 134 116 76 149 36 168 168 184 221 198 231 204 133 76 156 
80 110 223 91 141 62 216 174 117 187 85 208 66 30 70 115 62 73 69 29 187 109 174 34 24 115 79 0 238 215 159 183 82 223 231 161 207 48 168 130 180 101 202 110 59 174 51 186 176 130 124 172 29 137 214 237 176 214 228 177 152 223 66 96 210 202 145 134 119 104 102 168 104 233 171 156 159 82 56 60 41 53 102 228 177 149 166 90 53 157 90 134 212 147 68 230 164 194 60 52 65 79 222 35 199 234 25 33 69 117 109 207 223 69 121 241 171 76 135 197 153 152 172 98 162 228 129 238 40 223 130 105 84 239 175 41 197 232 189 114 200 164 103 183 161 138 25 192 188 54 127 87 119 130 99 180 195 61 47 137 219 139 152 138 103 164 75 217 99 120 134 160 153 210 240 86 81 83 48 137 216 36 43 147 194 78 115 111 27 81 153 74 41 87 120 213 215 230 82 63 158 43 120 238 29 160 220 182 147 199 43 101 202 138 211 87 192 222 180 188 209 236 175 89 211 33 37 192 96 192 101 32 57 47 98 104 182 74 218 139 123 
104 186 68 195 77 55 171 148 46 27 68 196 147 118 72 93 230 215 213 77 41 105 140 192 161 130 148 238 0 241 186 78 41 136 86 222 41 163 102 154 145 125 235 117 63 172 48 129 171 52 159 27 168 154 33 178 201 239 54 231 219 79 149 89 147 71 49 230 99 195 130 75 114 194 115 210 233 178 229 24 173 202 60 212 114 51 203 223 80 219 196 199 161 209 205 172 68 124 86 64 224 229 128 39 37 203 112 157 111 102 57 198 64 135 69 176 96 33 112 53 190 140 213 110 116 113 54 117 102 154 57 174 217 166 88 222 164 34 52 64 32 42 197 29 210 165 144 126 136 215 74 80 32 175 66 125 189 95 217 222 98 202 59 144 126 54 32 148 117 77 158 190 63 157 197 203 142 147 39 46 58 162 94 180 225 189 189 151 145 159 130 186 234 45 55 222 99 221 41 236 212 121 179 78 221 37 154 241 90 238 211 162 99 219 125 98 43 203 55 102 190 73 179 145 109 170 104 58 173 127 51 241 53 125 92 204 119 36 119 120 127 
82 58 73 111 191 55 157 84 122 151 177 95 49 74 51 56 207 68 46 168 233 204 89 52 226 111 33 215 241 0 39 40 181 216 209 211 99 150 241 56 24 37 150 208 152 71 88 37 141 91 120 121 25 76 62 214 121 191 183 85 157 109 89 108 43 149 149 93 62 29 58 91 183 136 67 164 164 117 102 72 205 82 122 41 91 159 87 74 190 235 154 68 239 194 208 160 92 95 70 52 139 80 100 114 222 124 44 139 105 195 63 85 230 101 201 36 90 169 240 195 240 42 89 219 56 55 117 116 226 137 154 157 236 106 95 54 35 124 219 224 103 153 200 151 199 35 85 156 194 105 145 134 131 45 192 82 184 234 91 159 137 112 103 49 86 194 93 48 208 38 161 75 238 38 133 44 37 143 137 45 123 240 138 229 27 114 54 199 118 162 188 192 56 73 75 96 104 52 153 94 83 99 53 151 73 136 155 121 143 222 76 133 57 200 72 71 153 86 40 143 127 152 198 35 128 146 129 235 136 235 232 35 202 51 60 32 228 142 91 62 40 
167 159 220 216 218 38 122 39 166 160 88 195 46 54 130 74 158 157 240 202 237 145 132 200 110 89 100 159 186 39 0 228 168 146 106 48 202 50 180 64 128 31 89 182 153 109 175 68 102 66 70 153 217 38 175 197 72 132 63 44 137 42 118 53 162 139 62 229 72 187 145 139 119 187 105 147 54 104 38 149 164 79 221 112 38 139 50 49 94 143 71 217 50 121 206 141 235 138 116 191 68 168 104 41 61 145 112 40 159 143 180 24 25 179 202 75 155 212 77 201 198 193 208 154 125 180 121 239 187 161 51 158 124 27 167 119 56 172 213 79 163 225 44 234 180 178 70 142 190 44 166 174 179 143 172 34 145 229 165 50 198 27 122 61 27 45 118 48 195 119 203 66 31 184 221 138 166 52 155 60 141 198 181 207 55 162 91 170 25 38 120 57 92 57 110 87 224 64 65 163 139 36 240 194 163 181 31 75 125 207 163 218 148 198 216 238 126 67 54 90 64 61 80 42 64 27 76 40 69 173 147 65 70 202 118 87 81 111 176 85 124 
119 147 32 149 205 240 68 236 183 65 164 208 111 223 175 165 58 35 183 170 158 143 136 187 176 64 96 183 78 40 228 0 30 108 139 131 133 208 53 74 96 101 172 92 125 177 150 101 26 167 56 60 71 46 238 37 103 151 35 27 224 223 71 139 25 30 78 175 104 157 58 195 237 161 89 60 231 84 162 62 218 138 125 232 159 61 135 121 237 73 60 162 192 157 74 85 234 194 233 64 208 135 90 233 151 77 77 152 169 137 83 123 73 237 238 55 183 38 40 66 160 83 71 35 32 122 85 134 42 124 230 95 55 82 238 176 37 91 161 193 74 205 43 112 197 234 151 29 204 67 189 134 82 61 223 76 174 78 66 25 51 111 191 117 25 117 79 102 139 178 65 102 64 75 229 74 114 142 217 193 45 181 52 181 67 123 233 216 170 150 157 137 227 213 44 193 37 43 236 51 108 215 75 217 203 178 238 178 131 175 85 32 205 165 62 58 55 90 68 227 33 182 137 205 129 123 120 138 39 81 177 184 193 93 169 219 115 57 188 147 171 
231 35 113 147 165 120 168 91 233 80 91 195 151 32 47 168 84 195 155 28 86 55 157 241 204 119 123 82 41 181 168 30 0 132 138 215 59 158 209 83 147 149 29 163 136 165 61 239 31 202 42 115 183 64 87 75 199 215 52 121 141 87 144 79 53 115 163 187 27 227 178 241 237 121 90 148 197 151 101 167 87 145 145 35 80 163 67 200 227 167 76 189 73 146 236 138 95 59 89 43 169 94 37 96 127 59 133 81 133 43 208 226 233 108 201 40 54 93 96 84 96 211 143 114 125 82 227 64 219 82 218 52 103 112 156 236 94 153 33 122 37 85 81 36 61 163 69 39 238 148 128 176 103 194 96 184 36 87 224 27 54 90 148 159 99 237 99 70 125 77 221 230 104 184 127 141 109 162 127 153 75 70 184 159 208 168 214 162 190 140 31 103 169 180 47 153 213 149 55 180 168 184 87 192 68 54 85 151 103 39 51 61 234 158 118 77 148 33 222 113 72 178 120 222 189 192 213 103 232 102 58 165 123 75 46 53 37 203 48 168 104 
151 213 29 105 196 160 81 193 191 154 95 179 175 201 149 121 108 228 232 160 46 183 143 59 65 216 144 223 136 216 146 108 132 0 36 142 109 217 65 93 232 52 150 102 148 165 219 131 112 213 108 216 151 55 125 41 98 62 192 225 87 153 100 209 145 122 151 134 60 29 79 53 69 29 185 80 173 96 53 140 215 118 138 162 47 94 27 166 221 228 198 92 40 126 116 146 107 221 54 205 94 26 189 117 135 50 187 231 59 56 180 188 102 205 121 132 169 159 195 73 71 38 61 177 217 180 128 238 96 133 237 83 215 133 176 210 164 93 180 160 85 213 137 161 92 184 135 107 167 45 35 232 122 110 130 169 124 199 58 189 46 147 182 124 43 174 131 222 101 100 90 128 43 141 207 160 79 240 80 196 106 166 230 226 90 190 99 42 140 175 62 145 232 201 181 157 223 142 197 152 166 192 111 136 50 237 102 177 61 197 123 118 164 152 42 163 72 68 50 135 169 220 27 79 33 34 181 184 160 149 110 102 169 176 232 200 107 228 94 62 57 
182 151 237 94 170 199 179 152 107 194 75 232 237 111 167 191 50 134 120 148 149 241 92 194 128 220 192 231 86 209 106 139 138 36 0 90 121 198 49 124 105 26 124 206 234 188 224 24 122 157 77 136 117 67 46 116 125 55 168 64 56 190 45 133 199 137 53 229 176 196 167 240 94 79 103 193 160 140 124 76 49 35 196 90 31 221 24 102 237 90 187 237 61 129 170 110 61 181 215 211 176 240 239 87 92 72 55 142 210 48 184 84 198 48 76 183 130 44 238 40 70 211 80 238 64 104 174 129 175 31 229 226 28 54 30 84 45 71 42 190 148 56 31 108 148 77 26 117 31 156 213 68 215 193 96 178 127 172 183 191 40 56 142 229 183 155 236 142 156 31 149 98 80 211 202 78 115 42 111 239 64 112 227 51 36 27 47 145 192 116 178 167 225 193 27 239 95 119 126 182 218 32 27 177 236 178 106 223 240 175 68 78 197 83 101 165 116 224 208 146 32 176 237 68 90 181 187 104 212 66 84 231 70 134 184 42 182 45 159 205 82 
229 69 211 91 45 24 193 55 218 135 80 51 94 140 130 77 228 160 60 201 50 116 51 174 168 45 54 161 222 211 48 131 215 142 90 0 183 34 103 86 94 206 71 87 124 193 31 80 227 42 37 108 192 154 203 159 157 33 153 110 167 34 184 228 156 209 97 85 152 219 59 62 210 203 42 55 144 157 107 63 47 112 87 157 221 134 78 169 212 99 239 179 232 76 71 57 165 56 76 170 132 177 121 227 181 219 120 115 82 240 45 193 135 203 204 25 53 177 176 71 54 79 142 99 69 210 229 41 193 210 163 132 78 85 144 90 35 87 84 60 180 159 69 105 28 137 163 152 233 239 135 222 69 94 25 76 62 77 49 115 167 34 141 102 48 100 215 30 232 170 138 62 180 187 34 225 96 177 64 180 45 136 222 122 135 92 226 200 125 66 37 66 148 148 182 159 183 130 157 186 77 78 113 153 73 25 182 145 33 38 211 35 103 127 36 158 29 188 116 161 26 91 131 52 175 71 86 124 110 217 80 72 202 131 194 155 36 133 86 54 63 
203 234 173 233 108 109 85 115 180 103 107 176 191 24 42 117 211 121 179 197 143 80 160 76 127 70 170 207 41 99 202 133 59 109 121 183 0 144 88 172 157 78 59 225 78 237 235 209 89 79 48 111 68 152 208 185 142 196 136 173 152 71 106 106 63 226 240 118 91 31 77 127 69 179 238 43 43 153 205 133 212 119 121 231 63 195 185 76 81 237 137 207 234 127 212 158 222 38 193 201 118 136 241 32 140 150 47 43 187 72 37 236 164 154 217 85 164 213 228 223 29 233 175 140 233 200 148 55 181 164 176 214 25 160 148 240 76 172 47 220 229 45 203 55 173 55 54 153 38 39 127 179 133 43 231 64 163 235 197 91 83 39 57 129 185 150 190 56 120 209 168 215 162 161 50 91 129 93 132 139 145 191 43 39 125 128 122 28 238 173 116 130 152 38 75 232 156 134 140 157 240 42 145 179 83 171 209 159 219 77 195 162 48 124 102 103 191 182 221 78 107 127 141 45 47 113 59 182 120 73 102 176 60 63 32 183 75 82 231 140 69 
115 58 151 178 69 24 217 129 195 60 55 80 37 108 121 51 130 74 204 192 121 70 185 170 205 112 230 48 163 150 50 208 158 217 198 34 144 0 237 220 29 182 168 198 168 234 83 46 160 92 85 218 97 86 45 100 96 52 157 95 210 117 121 70 30 146 164 28 182 155 105 217 47 42 192 69 61 35 177 41 73 77 109 226 29 34 152 60 234 216 41 159 65 113 228 25 34 34 156 198 159 37 47 95 168 79 55 121 225 97 24 106 93 224 125 165 137 59 240 241 208 112 37 135 230 85 131 46 213 30 76 221 198 24 64 218 59 61 57 75 51 81 47 36 85 182 139 144 203 52 46 60 97 227 222 132 186 76 139 174 107 197 226 169 130 116 121 83 111 64 231 39 101 60 61 61 125 117 63 161 78 207 78 94 131 59 138 94 86 72 24 144 130 40 47 81 225 124 200 230 177 194 134 175 195 65 137 163 113 33 155 216 120 84 43 66 105 101 218 170 218 132 232 202 129 222 238 226 106 63 236 202 55 107 232 176 140 61 148 234 110 
118 38 159 44 219 42 89 158 229 87 106 161 79 32 116 37 175 202 46 125 102 204 147 26 231 43 209 168 102 241 180 53 209 65 49 103 88 237 0 114 110 241 230 202 129 136 97 93 121 128 30 68 166 28 142 189 216 123 123 218 60 181 200 128 241 101 235 223 171 238 217 61 115 27 191 239 165 46 133 115 138 163 176 139 184 48 35 220 138 110 51 155 118 56 35 112 41 90 59 98 129 173 134 103 136 226 56 107 195 238 211 170 157 131 35 145 176 167 56 63 235 124 184 144 36 110 200 73 63 58 120 167 63 126 211 217 25 82 41 225 69 222 30 38 90 61 73 39 61 115 180 35 92 217 106 158 220 134 106 153 223 32 55 241 80 58 30 120 229 168 148 57 61 46 187 221 224 89 41 122 213 222 124 240 217 65 95 206 69 39 93 105 115 230 117 77 121 134 130 70 167 155 124 169 145 30 151 46 89 205 195 230 138 126 64 32 219 139 125 200 152 169 32 235 153 205 215 43 68 233 155 125 26 237 118 52 219 154 176 213 220 
169 151 98 198 55 94 99 164 201 197 53 59 71 139 165 209 186 214 140 91 57 66 85 191 36 147 43 130 154 56 64 74 83 93 124 86 172 220 114 0 228 72 88 60 191 109 134 227 122 214 132 158 103 206 202 196 197 87 202 125 70 44 189 121 163 216 179 152 132 106 157 161 82 165 36 129 24 98 160 240 226 68 180 26 151 87 162 71 214 211 51 223 70 47 122 201 116 134 181 58 223 96 215 200 132 138 46 72 152 115 160 47 143 172 58 56 230 223 202 219 143 87 209 184 238 27 70 129 229 174 154 144 211 238 29 110 175 40 143 74 134 74 69 163 209 226 66 80 190 40 134 125 225 169 131 103 240 183 42 73 92 94 142 27 183 145 182 81 214 236 141 140 241 235 228 109 217 137 128 110 228 105 189 84 159 89 125 117 216 211 64 114 36 77 45 177 35 125 50 219 205 124 131 133 133 177 128 139 199 189 46 142 112 187 41 190 60 112 125 133 230 145 174 127 60 113 115 81 227 172 181 127 200 121 183 127 240 94 66 235 210 
107 115 98 34 155 157 94 150 42 141 43 115 238 164 130 207 82 213 205 150 190 154 128 205 224 158 220 180 145 24 128 96 147 232 105 94 157 29 110 228 0 123 77 227 49 133 172 170 73 195 168 196 184 61 41 59 110 92 177 181 38 229 130 90 201 33 99 159 45 42 230 88 45 180 54 195 152 142 212 184 83 134 171 116 71 192 209 107 118 61 142 56 84 39 144 137 94 236 129 51 206 126 102 180 79 78 104 152 165 85 154 219 223 52 203 137 28 220 78 222 50 94 207 65 195 58 117 210 45 91 234 110 168 85 233 81 99 58 191 94 206 202 215 114 46 211 154 210 69 33 183 221 222 114 81 43 176 123 141 225 157 179 193 176 41 102 140 94 206 52 48 52 28 58 65 202 146 207 76 229 87 133 208 99 110 149 33 107 103 163 141 235 214 222 179 230 195 59 230 103 134 113 161 94 129 144 90 51 31 224 240 77 179 36 34 78 198 47 82 109 91 207 74 146 196 201 165 135 123 57 83 39 119 221 211 142 122 149 236 191 219 
88 70 155 125 35 174 172 116 82 162 86 46 31 203 46 114 138 162 164 176 222 33 102 185 225 86 146 101 125 37 31 101 149 52 26 206 78 182 241 72 123 0 175 57 176 241 237 143 76 125 185 43 131 207 80 194 38 44 123 35 115 57 172 201 111 38 145 187 27 179 95 27 73 170 101 199 71 165 142 165 232 102 235 82 190 26 47 84 207 158 66 151 224 146 74 146 150 95 43 140 227 132 81 225 109 219 92 101 64 84 28 31 152 170 163 183 121 231 133 91 104 42 108 236 37 206 169 174 211 69 144 60 82 80 60 101 52 104 41 159 51 51 192 92 61 143 126 62 146 82 103 88 101 53 84 147 134 205 83 44 226 65 164 167 159 166 123 115 235 117 36 131 39 239 86 130 164 214 110 120 235 65 218 231 113 61 99 57 193 75 30 147 157 145 92 103 185 42 204 199 213 88 160 124 197 181 92 235 190 60 204 222 112 37 172 208 81 197 45 90 144 63 88 216 214 164 122 191 37 153 78 217 135 200 228 133 225 208 198 241 102 
107 235 103 70 204 202 183 102 235 212 61 115 145 49 93 133 125 185 208 45 165 113 59 120 130 216 127 202 235 150 89 172 29 150 124 71 59 168 230 88 77 175 0 204 203 89 105 92 115 233 177 92 88 127 156 130 167 142 75 133 174 179 50 64 175 59 176 172 163 36 192 158 123 235 122 39 65 110 150 190 118 123 230 165 30 220 100 62 187 144 148 75 224 202 148 167 109 62 157 143 214 95 51 102 218 90 64 70 202 26 209 239 139 101 75 160 129 220 208 56 155 219 180 187 59 180 136 29 136 234 46 157 204 111 127 25 139 28 120 164 77 108 182 132 62 180 211 93 187 188 130 154 161 64 64 175 111 225 188 24 234 218 173 143 163 187 27 139 33 207 102 169 39 199 101 104 26 61 160 155 68 144 168 37 227 28 127 189 167 141 149 87 172 205 79 189 230 230 43 129 48 84 174 113 127 160 100 142 238 32 159 169 90 152 126 229 223 189 183 145 196 137 47 112 101 224 95 218 30 134 85 187 108 135 207 182 204 110 137 39 107 
25 161 211 105 69 222 225 169 228 47 40 146 67 146 33 118 173 85 89 25 188 143 172 68 109 103 54 110 117 208 182 92 163 102 206 87 225 198 202 60 227 57 204 0 174 27 120 101 201 196 137 192 218 71 214 107 186 64 106 33 61 111 41 224 183 239 201 105 103 98 172 234 240 131 37 97 148 56 189 195 143 228 180 57 29 220 200 48 71 218 152 233 218 209 175 94 100 236 129 198 143 121 146 143 109 127 112 193 88 26 75 42 144 82 194 30 140 39 239 71 64 35 37 225 50 70 213 36 109 211 179 135 30 149 144 75 130 40 184 145 98 121 80 53 34 61 76 93 111 82 230 172 29 149 179 83 177 86 32 210 68 188 81 225 112 225 103 66 218 196 137 230 46 230 97 82 66 83 215 226 173 213 174 62 231 80 126 100 119 150 81 35 241 179 134 89 25 86 83 238 180 172 230 132 44 88 105 154 93 119 196 165 32 238 191 95 196 170 211 215 222 120 138 57 140 225 88 239 226 202 131 39 183 45 133 63 240 137 192 239 110 
163 39 197 49 125 226 79 36 70 113 135 196 79 71 29 161 129 218 207 92 124 128 28 68 53 232 94 59 63 152 153 125 136 148 234 124 78 168 129 191 49 176 203 174 0 75 59 75 234 42 63 185 186 80 155 30 82 168 70 234 108 103 130 174 166 40 143 205 154 218 101 56 86 159 140 68 200 132 194 190 147 49 88 41 209 189 133 142 191 145 85 68 78 56 160 182 241 117 169 113 158 124 129 46 237 161 183 138 38 177 236 174 130 46 152 100 201 91 32 27 240 72 143 200 164 220 107 189 68 177 203 146 53 156 200 87 229 106 75 131 98 226 36 116 180 87 201 203 172 236 75 167 71 116 125 238 186 98 213 137 234 205 163 79 95 192 100 46 234 208 122 72 117 118 191 30 113 136 47 159 238 182 98 119 199 73 219 147 144 234 98 63 226 213 65 222 97 90 47 102 96 154 117 32 123 238 94 145 77 228 160 36 75 61 152 113 143 91 40 191 159 191 178 149 221 66 29 62 101 103 148 50 241 185 72 223 72 101 94 235 40 
