60 60 6
21 25 18 11 28 20 16 27 17 15 16 23 20 27 17 27 22 16 15 18 28 17 22 16 28 24 19 15 21 14 25 11 22 13 13 16 12 21 20 27 16 17 25 28 28 26 23 28 25 26 17 22 22 28 23 23 22 26 27 26 
57 70 83 71 57 100 
0 86 222 140 171 31 54 206 100 40 132 206 74 28 54 103 148 51 236 229 59 55 89 99 65 193 30 100 196 186 172 228 126 164 173 149 30 61 121 206 158 98 140 152 102 135 189 110 235 79 195 133 97 190 77 218 230 68 88 212 77 116 78 200 169 230 130 211 202 34 202 137 144 92 118 205 38 72 159 179 172 72 53 236 188 206 236 238 189 150 166 137 92 58 76 163 47 51 82 68 139 212 81 196 183 112 161 77 206 227 129 213 27 64 202 114 214 108 72 116 64 121 63 63 56 66 94 179 235 197 89 99 181 67 217 224 144 213 81 36 178 174 44 169 162 50 93 79 212 207 181 164 200 225 139 211 209 86 155 59 126 183 114 122 116 146 198 148 112 233 72 200 83 201 105 139 228 83 221 93 217 69 130 176 86 37 99 159 39 73 155 226 33 168 195 195 147 136 172 28 49 97 230 208 216 46 219 174 100 86 122 195 94 66 167 180 227 171 41 24 38 48 163 232 60 77 69 100 178 159 152 197 115 91 235 232 105 133 168 160 97 
86 0 165 164 158 89 227 205 166 109 211 145 50 56 71 72 68 126 101 166 226 115 26 27 110 128 152 218 65 76 87 58 206 195 171 56 136 79 112 233 206 48 93 56 141 52 37 177 112 110 136 48 84 107 126 109 234 140 221 139 109 196 112 54 110 46 174 180 127 203 31 210 100 123 52 193 132 36 135 157 117 223 172 111 93 32 211 197 181 59 224 142 137 128 35 144 95 233 158 165 164 78 164 158 55 183 69 29 75 152 122 162 83 151 158 190 76 197 170 232 234 137 205 75 31 91 175 53 139 193 222 144 222 57 234 156 46 169 135 193 119 80 216 55 141 163 115 57 117 204 233 211 82 94 132 180 236 223 124 197 53 220 172 221 31 57 151 186 144 199 96 167 222 71 46 238 81 212 216 229 150 154 229 68 210 95 160 92 213 99 198 205 33 159 95 240 117 168 208 237 237 104 124 195 233 161 198 45 132 153 181 96 191 192 197 202 90 173 42 93 228 142 135 30 170 152 43 69 197 206 223 187 66 201 238 234 39 168 216 218 128 
222 165 0 175 195 139 191 140 61 115 36 230 194 194 205 208 61 186 189 85 139 186 139 60 173 201 158 197 153 72 191 54 95 86 70 101 165 231 71 151 153 178 98 145 240 24 117 78 42 129 125 138 133 211 233 148 188 82 114 145 99 190 49 58 35 195 68 61 82 181 82 100 188 82 140 212 129 72 237 175 205 67 212 203 110 178 219 165 114 62 46 219 201 85 192 78 221 109 223 145 231 117 184 118 86 33 180 213 88 196 209 59 222 48 180 130 129 149 213 148 135 236 74 223 41 198 79 34 108 104 220 101 188 40 213 91 63 211 169 82 161 55 38 135 86 73 45 169 51 51 236 178 74 114 238 121 83 45 147 190 198 24 206 168 165 52 219 123 46 159 169 51 61 198 214 180 54 175 129 229 210 30 98 240 28 32 151 161 163 232 126 209 198 199 236 187 201 202 112 109 151 106 59 227 88 92 196 194 193 95 208 196 91 62 60 211 198 193 93 63 65 50 238 144 54 50 200 108 82 24 40 38 177 195 225 35 34 237 113 47 151 
140 164 175 0 115 99 40 208 191 219 26 114 39 126 84 226 91 187 36 141 201 157 127 97 227 218 204 50 108 102 198 102 239 165 128 209 230 115 113 123 240 40 149 213 202 199 110 181 45 236 83 150 166 198 136 131 138 144 154 70 108 112 70 51 202 185 126 203 139 231 70 156 192 85 116 223 33 163 122 240 164 79 166 131 167 176 163 77 59 232 148 200 102 212 88 222 50 145 218 175 57 146 44 213 80 217 62 158 140 75 134 43 100 208 56 99 217 186 103 28 71 126 218 178 134 213 127 180 157 139 202 110 196 223 207 241 207 127 45 175 114 224 154 183 45 215 139 225 187 188 83 65 188 206 118 168 132 145 36 148 195 185 74 88 71 43 50 63 174 117 168 158 77 141 108 221 27 75 132 72 58 81 95 175 203 155 93 109 203 195 104 86 178 176 133 123 145 32 150 233 25 86 185 100 129 51 27 111 112 180 232 237 179 185 61 207 187 214 44 132 168 205 140 233 204 198 234 95 187 157 208 69 131 36 81 201 169 78 231 33 117 
171 158 195 115 0 233 108 218 24 196 148 204 166 71 182 137 38 126 216 92 220 57 149 168 90 149 156 114 71 63 130 173 70 43 26 27 104 30 120 51 158 92 167 134 233 201 56 46 134 111 238 128 151 131 158 219 173 34 32 201 60 143 32 137 131 56 157 155 62 169 164 153 45 193 39 190 213 73 157 150 170 182 154 112 32 120 42 47 211 58 233 51 183 129 147 125 190 114 195 237 161 48 231 48 160 105 85 94 45 37 43 199 61 148 122 184 231 42 231 216 31 139 177 195 139 72 61 204 71 84 208 125 236 66 171 98 47 56 127 172 108 192 151 201 210 194 77 29 216 30 30 24 56 135 81 73 241 51 223 98 203 144 194 107 123 37 155 212 117 84 116 124 220 71 180 151 177 91 222 195 89 143 78 40 222 157 84 78 25 55 89 59 190 100 197 134 109 174 201 38 78 168 207 59 46 162 223 135 59 154 81 188 32 48 148 66 152 115 172 29 154 37 53 78 145 38 99 200 46 34 94 226 162 213 72 102 189 174 25 134 49 
31 89 139 99 233 0 118 156 110 78 79 89 204 63 84 95 185 213 38 80 239 137 205 37 182 93 121 29 171 150 114 142 170 61 83 169 202 51 48 134 48 115 199 161 183 192 200 73 142 97 235 50 82 69 226 62 228 114 125 130 35 205 163 167 230 193 118 153 160 138 157 125 159 218 108 52 191 55 24 204 236 63 125 177 165 151 209 202 208 165 183 204 59 177 204 47 217 68 147 100 154 136 118 203 83 107 97 88 129 55 69 149 220 130 131 226 209 34 230 148 90 238 104 223 172 71 48 69 210 34 134 227 103 173 117 241 143 119 160 237 133 235 219 78 165 104 201 123 234 223 192 75 89 235 174 128 96 223 179 173 187 123 79 99 120 54 58 187 177 36 209 59 50 218 166 188 64 125 110 150 198 234 144 214 98 139 205 126 231 104 138 147 141 106 186 159 141 28 103 133 80 89 96 106 104 133 209 62 65 190 212 61 230 191 214 50 130 204 168 129 182 101 46 68 225 140 188 95 169 43 114 83 208 183 161 26 234 64 108 94 170 
54 227 191 40 108 118 0 78 80 238 84 238 93 155 181 166 232 129 113 165 32 127 109 42 152 203 143 177 89 124 220 105 80 186 70 35 69 97 59 57 108 158 73 198 53 27 51 46 31 74 86 107 173 34 167 198 78 140 174 216 40 140 198 57 98 57 102 165 56 102 205 66 111 118 108 99 29 148 120 76 204 135 200 52 203 83 129 217 231 36 190 172 31 129 51 63 96 203 87 35 198 133 153 138 115 175 219 87 49 97 56 46 36 175 92 203 109 79 187 59 181 167 129 61 145 30 32 43 212 77 180 135 126 152 163 197 89 127 173 122 136 89 216 135 159 201 222 115 145 85 27 235 206 107 33 42 83 179 46 119 74 115 57 173 105 43 156 81 108 46 103 176 72 173 49 124 28 239 125 159 90 230 157 90 76 171 228 137 225 135 84 33 60 201 172 35 219 167 164 41 152 52 202 214 94 107 26 176 57 59 229 200 116 107 149 164 200 59 177 211 101 238 147 65 118 34 37 205 102 74 115 94 118 118 182 114 191 44 164 149 35 
206 205 140 208 218 156 78 0 106 137 64 179 156 176 160 224 213 151 229 78 88 80 174 83 116 101 162 160 124 217 26 158 232 48 174 91 152 216 101 165 161 121 207 223 159 91 86 215 65 92 96 135 202 177 203 25 43 154 87 114 109 139 123 111 99 68 217 32 81 120 65 56 143 198 223 36 167 156 69 211 146 68 221 202 135 172 59 165 205 103 183 50 55 155 50 82 158 232 49 211 53 145 84 215 127 178 192 232 119 184 198 80 175 36 121 121 30 196 76 194 25 121 76 34 203 88 155 127 114 25 150 55 183 83 130 47 228 240 84 236 80 35 166 57 71 185 174 48 86 123 185 61 147 154 78 230 152 226 221 135 49 210 73 216 204 238 90 118 180 158 69 103 103 226 72 197 112 55 101 202 124 159 229 114 42 101 86 238 119 52 212 88 64 72 64 112 87 160 145 193 81 166 35 218 37 146 103 130 159 86 167 190 157 115 193 97 27 107 115 169 230 236 68 103 74 130 240 229 236 67 150 117 178 236 120 172 173 233 104 197 144 
100 166 61 191 24 110 80 106 0 131 226 226 218 191 32 82 112 180 228 146 83 182 105 99 103 164 203 144 161 185 80 229 41 239 61 209 35 38 56 184 36 42 239 197 87 48 71 194 143 34 160 38 200 144 64 211 203 129 81 139 143 98 61 81 162 134 104 121 126 214 102 113 138 34 169 183 180 70 230 52 58 157 144 139 111 39 172 169 144 151 208 25 126 119 213 24 91 90 162 29 132 98 100 223 126 111 41 183 71 125 145 161 143 205 157 206 150 158 62 216 193 57 84 177 37 34 98 101 209 191 149 136 235 236 95 202 113 79 185 170 162 233 205 149 92 191 53 114 49 98 26 107 77 115 163 139 30 61 189 150 142 169 189 226 241 33 238 102 241 148 107 63 29 238 119 166 149 83 195 122 55 60 135 87 66 137 174 141 116 37 114 193 51 44 219 234 133 44 156 196 214 232 32 57 149 39 240 209 67 144 136 117 53 127 117 24 59 114 115 240 24 223 150 36 205 195 66 42 61 194 85 190 158 107 47 81 49 135 110 163 41 
40 109 115 219 196 78 238 137 131 0 238 66 47 205 240 36 156 217 186 120 194 33 46 117 63 152 185 70 96 51 182 171 152 115 155 62 100 55 234 199 95 40 147 38 146 192 95 144 31 193 185 208 191 230 81 103 36 108 59 63 97 169 192 236 54 38 182 130 132 188 52 82 95 36 220 164 213 228 100 235 58 126 29 58 147 185 194 174 211 231 202 90 233 54 58 215 164 101 72 207 45 111 41 184 110 167 169 222 139 86 152 58 59 31 113 240 189 195 53 101 123 212 214 167 53 94 110 123 105 92 191 139 104 237 125 139 80 108 194 228 26 187 118 110 182 26 27 170 157 229 37 107 206 81 63 226 195 120 166 166 42 29 50 222 122 72 132 162 112 178 140 159 204 122 39 183 159 25 136 140 223 236 60 61 216 146 83 150 207 56 159 204 176 43 46 24 31 142 80 211 170 232 165 133 237 217 142 110 130 231 105 87 115 71 89 124 224 158 237 181 121 155 218 63 58 240 124 190 226 89 235 183 69 64 83 128 160 151 112 89 55 
132 211 36 26 148 79 84 64 226 238 0 89 115 183 71 109 139 30 131 149 191 142 216 51 150 39 159 67 75 38 99 88 60 202 29 80 141 50 131 148 227 140 49 197 35 124 55 198 95 92 187 223 83 156 67 119 209 226 76 139 95 97 175 174 62 150 67 83 224 218 223 101 236 42 225 96 144 40 218 181 191 138 29 108 134 174 109 209 158 33 34 231 99 170 60 180 94 197 95 32 91 191 239 205 117 154 116 106 101 191 46 132 102 80 156 241 233 174 68 123 166 168 147 162 218 36 90 214 80 92 100 90 41 201 146 171 44 123 76 163 119 64 188 63 140 235 223 32 27 240 89 144 50 152 79 137 134 162 170 87 65 49 56 161 189 193 186 70 133 142 52 62 64 110 73 231 29 205 110 79 34 74 28 119 159 90 195 199 69 159 195 208 198 98 71 36 155 183 146 62 195 44 94 108 214 56 113 77 225 54 99 125 175 173 225 150 198 65 182 48 50 110 34 85 56 76 232 160 165 118 129 170 237 112 134 173 167 35 77 116 142 
206 145 230 114 204 89 238 179 226 66 89 0 60 177 196 224 84 133 198 238 207 162 201 201 58 64 174 151 72 39 82 148 141 214 30 89 170 103 93 165 126 233 54 214 119 100 81 152 68 81 158 198 240 116 89 151 159 30 234 78 162 80 138 66 186 50 194 206 53 186 137 81 157 136 154 69 184 223 66 165 154 50 102 66 141 196 180 235 118 216 137 211 183 239 165 68 169 57 143 224 97 109 193 58 58 128 81 172 240 48 222 55 203 47 165 122 134 81 206 37 37 184 227 107 54 181 34 96 93 110 133 152 180 217 227 230 35 92 176 153 100 62 223 70 181 70 138 234 177 104 138 49 103 228 62 163 53 61 187 62 234 172 45 213 63 82 160 189 39 122 220 160 190 174 233 152 113 118 25 75 56 128 234 224 139 165 25 189 227 166 106 161 33 72 96 52 104 102 239 227 92 239 82 88 179 187 207 45 86 31 126 39 88 109 208 109 175 139 55 30 127 228 62 127 57 101 146 101 230 160 112 238 118 213 111 139 134 52 85 75 209 
74 50 194 39 166 204 93 156 218 47 115 60 0 82 199 161 105 51 54 219 220 97 98 181 203 123 216 33 122 35 229 207 156 129 39 139 234 178 185 186 188 238 184 157 90 216 32 88 43 73 72 99 122 167 29 71 144 92 211 109 165 94 197 95 119 101 139 158 223 130 160 122 46 159 151 160 165 204 153 42 48 37 174 172 67 133 81 44 237 173 82 56 59 190 240 145 105 106 207 161 200 124 113 185 196 241 111 194 221 66 182 85 241 215 104 49 122 104 131 193 28 237 123 239 185 101 127 60 209 92 156 128 69 104 149 196 220 57 49 129 141 28 224 72 99 140 118 212 120 91 180 165 89 218 78 103 152 89 29 115 208 27 109 177 38 165 198 148 152 131 225 81 164 78 156 152 60 190 149 166 113 101 156 43 24 70 161 163 96 92 156 196 169 204 155 177 162 192 80 204 219 154 64 178 240 152 60 79 28 82 162 147 67 148 68 226 104 160 238 210 96 155 90 170 233 95 37 65 199 48 167 155 82 77 199 203 40 109 170 66 70 
28 56 194 126 71 63 155 176 191 205 183 177 82 0 95 182 227 59 176 62 93 96 43 130 28 199 139 158 147 212 51 121 153 183 100 33 133 29 54 237 76 65 168 234 91 228 167 154 124 180 194 81 234 71 58 109 60 231 118 54 111 226 163 154 100 217 129 47 222 151 103 183 30 161 102 61 108 239 219 30 219 47 100 159 120 43 139 24 110 94 154 182 159 139 52 111 124 142 43 94 123 113 49 201 27 110 145 158 98 204 142 132 211 164 179 85 107 126 191 156 49 118 143 220 233 31 221 75 69 197 64 142 164 123 225 114 140 79 87 77 184 57 137 134 178 227 153 91 201 170 75 143 73 202 198 104 185 127 84 226 92 153 90 129 124 94 226 108 95 34 215 76 191 179 197 117 233 106 80 162 144 199 34 28 37 186 56 93 189 69 162 91 55 54 80 193 161 185 158 211 144 61 193 113 29 70 224 30 132 177 97 97 114 66 201 189 233 92 174 39 133 162 226 192 52 98 104 85 104 184 73 177 206 125 69 202 62 226 124 173 79 
54 71 205 84 182 84 181 160 32 240 71 196 199 95 0 186 222 44 207 241 121 162 173 240 215 36 210 52 24 120 185 158 220 118 225 203 198 182 55 179 79 119 146 62 234 203 187 89 126 174 134 35 102 175 120 46 192 135 68 157 134 156 162 98 95 66 141 110 113 72 40 187 57 232 54 117 177 88 82 106 55 237 152 85 34 127 42 222 228 156 48 118 230 165 176 29 196 194 97 163 108 230 101 92 69 217 65 228 175 101 201 60 200 90 102 148 36 108 182 43 183 198 226 52 127 70 156 57 232 175 33 36 104 214 198 208 108 218 62 51 76 232 221 171 34 172 146 78 183 94 161 73 85 112 154 42 39 209 151 169 187 236 206 37 193 139 58 67 51 130 129 81 170 191 70 145 176 159 207 121 78 167 167 135 45 108 127 203 142 80 80 60 82 32 130 113 196 236 96 87 144 158 55 113 212 78 86 213 107 214 143 48 58 214 61 223 176 208 108 102 70 223 68 228 69 30 119 108 47 98 182 61 82 207 234 238 140 219 191 199 151 
103 72 208 226 137 95 166 224 82 36 109 224 161 182 186 0 64 77 67 105 39 144 164 145 167 173 48 143 35 41 216 155 212 90 63 179 184 160 25 90 143 182 82 116 188 51 136 186 92 125 239 109 129 228 222 91 141 108 51 69 197 214 145 204 241 26 188 50 162 237 226 187 198 75 119 74 184 95 134 229 168 181 55 180 232 204 52 74 59 232 148 194 51 184 183 183 107 163 167 110 115 75 226 53 72 169 126 192 165 89 114 32 49 90 71 60 55 77 122 194 112 107 186 169 103 191 172 80 202 113 218 205 39 167 35 191 67 73 47 218 140 217 228 150 211 189 91 64 118 74 33 99 182 84 59 207 154 198 30 214 214 182 42 110 84 118 172 131 29 142 135 75 31 165 82 147 56 219 156 142 62 97 118 165 187 86 197 102 212 114 122 202 204 65 138 151 65 217 45 62 222 30 158 85 137 49 148 159 74 235 73 98 59 139 214 241 32 193 225 197 25 115 235 53 200 147 166 201 87 49 199 71 236 85 76 43 101 81 143 60 231 
148 68 61 91 38 185 232 213 112 156 139 84 105 227 222 64 0 232 38 58 104 191 158 101 37 100 204 35 127 185 160 75 25 63 218 90 127 236 117 148 51 211 80 229 59 181 132 226 221 113 99 32 42 49 167 85 119 90 229 211 67 115 213 99 92 46 119 207 37 101 233 95 93 226 185 81 115 38 123 120 41 183 236 145 126 147 24 230 229 125 38 51 203 158 141 203 73 181 157 48 219 107 214 168 43 207 119 69 199 189 100 124 45 41 25 55 40 126 33 218 139 39 225 216 27 122 64 233 141 209 178 24 193 181 152 44 65 155 183 198 32 90 37 143 189 106 102 66 194 195 102 62 33 144 74 180 96 73 171 77 52 28 125 228 222 91 106 142 216 172 218 228 46 236 210 40 192 87 80 138 36 93 72 144 180 181 125 38 40 62 173 38 136 74 120 98 187 92 196 143 174 175 203 121 237 207 145 111 208 73 110 50 63 181 73 187 212 103 108 191 177 137 155 73 167 97 149 165 26 227 25 140 205 45 241 176 107 101 172 80 112 
51 126 186 187 126 213 129 151 180 217 30 133 51 59 44 77 232 0 30 90 199 109 138 138 224 142 86 111 123 105 241 178 91 164 76 84 131 49 92 115 30 216 26 166 119 190 70 203 227 49 81 74 112 215 192 219 223 118 235 138 54 151 195 237 70 230 182 183 26 191 61 109 62 59 158 238 134 181 133 135 143 126 191 27 26 138 235 189 219 153 198 121 204 203 106 162 241 127 105 145 126 155 194 182 78 94 149 114 195 69 107 44 66 216 50 185 216 118 57 164 136 34 33 228 124 215 36 93 141 217 79 123 92 27 151 113 167 135 31 125 192 120 45 35 126 169 238 227 91 28 216 150 28 71 163 60 71 232 169 118 147 153 127 71 132 86 118 106 137 35 24 218 108 220 230 113 212 98 31 93 165 230 96 204 158 41 121 208 26 159 232 68 188 82 25 57 169 197 31 220 232 121 74 185 189 195 69 80 211 188 200 217 185 164 98 152 141 231 86 85 30 48 142 48 177 136 188 131 131 76 209 91 132 174 163 196 85 190 139 46 120 
236 101 189 36 216 38 113 229 228 186 131 198 54 176 207 67 38 30 0 26 65 59 201 135 186 235 25 92 30 62 117 106 157 204 213 241 130 197 76 189 58 176 32 148 132 142 153 116 64 63 153 74 29 140 50 118 102 102 153 194 61 118 33 129 124 92 112 27 55 212 40 115 163 122 165 71 87 182 97 205 100 82 205 55 26 164 146 175 90 56 52 229 240 47 102 90 75 108 212 83 126 51 95 72 173 40 123 131 161 218 233 108 226 239 102 221 77 219 80 180 48 99 144 207 129 204 142 141 120 148 169 141 104 146 116 177 98 214 148 142 178 166 201 175 190 102 92 145 81 153 117 73 77 175 99 35 132 27 117 180 234 202 139 171 186 33 122 73 122 193 55 240 26 112 209 62 162 222 31 35 68 188 63 24 237 26 203 221 137 229 150 215 99 100 193 27 144 39 208 194 224 138 156 34 216 73 130 127 94 62 103 201 214 171 218 223 192 93 158 207 164 172 152 195 49 232 62 78 235 75 93 92 109 105 199 136 145 137 230 48 130 
229 166 85 141 92 80 165 78 146 120 149 238 219 62 241 105 58 90 26 0 137 66 222 156 230 46 40 229 119 180 238 193 122 196 62 179 235 167 83 116 108 37 44 59 113 119 132 229 184 31 186 226 67 202 41 24 211 190 163 222 177 201 131 65 203 193 214 138 79 237 222 92 177 82 154 128 50 146 212 75 58 55 24 110 153 220 108 124 105 34 220 152 165 162 99 208 222 135 68 219 126 185 184 199 184 203 222 73 65 217 127 41 200 38 70 155 128 57 179 217 79 232 129 210 106 58 87 157 207 213 230 222 158 115 230 118 181 32 125 101 92 190 102 185 34 125 194 29 157 28 148 197 135 89 102 215 143 113 128 32 166 145 232 139 100 197 26 85 239 52 126 231 98 207 97 76 68 35 170 188 26 182 232 190 99 151 136 98 161 170 181 108 164 184 121 38 146 212 35 219 178 225 123 59 213 223 75 160 80 182 34 29 165 134 170 235 159 129 223 239 205 54 227 203 174 235 60 33 38 241 57 197 167 60 138 94 221 182 181 149 190 
59 226 139 201 220 239 32 88 83 194 191 207 220 93 121 39 104 199 65 137 0 38 230 194 67 190 124 96 109 55 134 43 60 146 113 130 127 95 101 108 38 205 110 135 75 124 28 235 183 135 188 84 81 110 148 58 105 223 95 103 85 75 143 101 113 117 42 97 97 215 196 69 84 166 184 118 228 112 108 61 172 53 25 140 218 78 190 223 36 171 235 164 71 115 200 227 176 70 164 145 75 27 238 100 118 62 117 28 196 201 140 220 81 139 78 129 26 222 146 206 68 173 130 236 229 88 197 156 210 122 233 153 215 138 59 115 131 163 82 121 124 208 187 224 102 78 93 237 110 154 99 232 185 192 239 56 70 187 168 34 230 143 186 209 222 239 231 35 39 180 188 119 24 30 190 135 45 29 185 31 216 205 174 220 209 158 98 37 121 142 139 54 136 67 126 113 175 108 30 218 213 187 163 135 194 153 39 86 52 175 143 231 225 217 240 64 158 62 234 71 42 154 232 136 54 26 177 104 198 59 191 189 115 63 182 94 237 137 59 27 29 
55 115 186 157 57 137 127 80 182 33 142 162 97 96 162 144 191 109 59 66 38 0 128 108 121 127 118 105 188 130 213 78 65 192 145 120 117 180 35 48 137 142 26 161 39 88 52 31 137 85 91 239 75 30 140 116 130 49 220 35 124 204 97 142 69 64 71 226 71 210 84 139 196 63 116 75 58 105 240 45 140 195 149 76 34 178 211 190 148 215 56 202 228 105 189 203 164 174 63 66 56 96 74 50 56 238 215 95 67 80 83 129 48 48 53 37 65 230 222 135 140 85 173 90 88 102 117 179 130 232 128 167 237 47 129 51 199 136 238 52 142 228 55 115 128 59 146 65 221 119 143 166 26 74 83 99 186 94 183 98 87 201 168 222 41 145 202 183 208 31 86 191 161 146 70 172 134 111 49 99 208 69 181 90 28 138 162 98 107 94 125 25 195 154 187 59 96 153 55 100 155 210 66 154 70 123 105 139 90 115 125 167 31 44 133 126 172 192 127 82 115 55 154 131 186 93 152 47 145 142 237 34 68 63 44 187 81 96 171 111 164 
89 26 139 127 149 205 109 174 105 46 216 201 98 43 173 164 158 138 201 222 230 128 0 26 205 69 193 191 74 189 220 25 228 100 27 33 72 84 195 70 124 212 90 159 52 149 123 98 223 184 83 172 221 25 168 95 136 84 157 114 198 205 240 113 125 95 219 66 127 230 210 122 239 112 59 123 235 84 57 141 43 77 204 122 175 67 224 121 87 54 205 115 208 205 149 83 226 238 31 63 166 75 105 220 100 32 231 113 76 113 235 219 38 216 229 36 150 60 80 78 46 180 116 57 178 172 232 127 199 137 41 183 63 130 93 201 72 39 165 30 103 212 140 24 224 214 25 122 179 158 79 78 45 160 61 41 72 43 238 119 147 146 67 81 77 75 54 59 125 237 189 50 126 197 35 160 190 230 165 169 207 107 79 164 61 78 98 46 222 216 45 219 71 69 122 167 179 70 218 150 63 176 101 122 76 95 213 159 128 221 87 89 122 110 38 171 197 145 197 144 183 42 151 55 170 202 240 235 200 187 136 166 92 175 67 147 112 126 91 130 232 
99 27 60 97 168 37 42 83 99 117 51 201 181 130 240 145 101 138 135 156 194 108 26 0 160 91 113 44 66 212 176 36 179 233 228 37 225 114 195 217 53 104 90 55 99 225 63 175 156 212 217 209 133 130 105 171 140 222 176 55 152 173 116 117 84 204 222 185 205 44 45 57 163 210 88 61 51 233 104 188 84 175 104 24 59 62 89 133 101 102 108 158 158 155 138 106 221 28 165 97 90 194 65 223 190 55 155 207 90 85 86 47 176 130 213 92 142 141 146 169 75 213 64 37 217 178 197 44 88 165 140 228 148 203 215 30 147 67 101 89 153 229 184 33 126 138 39 125 151 66 47 28 154 115 117 78 25 119 92 110 131 181 190 158 78 90 41 221 197 25 58 53 91 158 184 218 97 149 144 172 65 30 74 67 133 220 102 228 107 206 236 131 40 172 206 183 183 64 32 231 219 113 177 162 229 128 207 100 219 156 76 214 107 103 104 133 119 227 225 27 108 68 158 145 106 142 49 155 107 109 123 107 203 109 145 176 103 129 225 161 119 
65 110 173 227 90 182 152 116 103 63 150 58 203 28 215 167 37 224 186 230 67 121 205 160 0 96 222 153 131 231 40 199 171 223 60 182 195 196 236 193 102 219 43 81 60 118 227 107 224 203 85 63 62 161 160 125 232 54 163 197 187 228 122 37 221 130 24 240 210 78 92 29 134 178 178 50 58 143 186 111 26 189 156 216 30 66 46 112 35 172 141 121 33 53 219 197 62 220 69 183 85 101 47 152 43 112 196 55 100 91 231 155 187 128 67 110 102 57 195 57 136 94 199 59 107 207 46 36 72 232 54 201 118 53 112 75 149 82 109 181 143 181 181 98 130 34 175 99 158 164 210 74 238 137 87 127 218 209 175 209 168 217 173 123 178 241 170 215 212 166 163 91 53 78 85 95 159 89 94 204 111 196 124 111 187 58 129 217 119 62 103 38 207 224 27 34 48 224 36 159 162 236 192 212 197 77 144 198 91 123 172 59 228 24 146 130 184 137 192 74 162 68 143 218 43 122 97 143 117 225 236 46 156 29 49 238 138 193 29 107 155 
193 128 201 218 149 93 203 101 164 152 39 64 123 199 36 173 100 142 235 46 190 127 69 91 96 0 217 144 101 96 201 240 98 43 33 149 194 176 37 72 177 33 205 83 68 141 175 118 82 25 151 89 59 33 29 168 197 96 78 237 143 80 82 199 157 118 96 138 229 239 228 181 122 37 191 168 177 210 140 114 151 50 59 170 119 196 129 153 72 108 233 89 176 92 69 35 66 146 24 149 153 33 101 158 57 49 212 25 39 229 191 164 143 235 50 59 232 160 151 73 237 61 166 42 137 234 173 27 96 109 109 122 146 131 145 100 128 46 41 215 224 88 72 206 205 55 44 124 78 106 204 114 133 105 136 119 95 131 63 104 227 109 221 198 202 93 129 237 121 97 152 155 77 232 209 56 149 229 230 132 48 189 227 199 238 48 120 54 50 195 187 183 145 214 194 241 75 226 24 53 197 205 61 84 212 148 227 164 209 126 206 49 142 46 184 162 98 118 158 63 208 174 160 120 223 104 203 109 205 39 73 51 166 238 103 210 135 208 175 154 121 
30 152 158 204 156 121 143 162 203 185 159 174 216 139 210 48 204 86 25 40 124 118 193 113 222 217 0 202 139 115 104 31 37 171 204 220 190 138 89 227 204 190 188 106 38 144 55 201 60 86 187 146 106 159 232 183 144 203 167 126 54 166 153 175 121 81 55 213 136 134 50 75 62 41 33 136 190 182 123 183 215 34 42 145 80 45 61 218 40 139 208 209 76 220 24 98 36 186 30 127 71 65 52 167 171 83 103 173 181 222 68 198 118 159 160 147 167 50 98 137 118 201 162 34 154 52 109 124 186 136 130 229 82 151 210 162 120 85 64 45 167 200 169 125 229 52 120 168 64 221 159 111 237 41 33 136 213 79 209 131 109 113 90 171 27 32 52 92 189 224 184 40 228 54 64 115 190 155 181 49 210 112 144 106 234 195 45 181 141 121 86 223 170 132 97 126 182 216 71 111 198 197 185 25 78 123 226 26 235 149 166 89 227 197 154 93 213 34 193 163 40 50 111 60 115 241 235 141 157 240 33 55 112 233 220 230 179 196 83 194 183 
100 218 197 50 114 29 177 160 144 70 67 151 33 158 52 143 35 111 92 229 96 105 191 44 153 144 202 0 50 173 219 194 227 145 93 230 237 90 144 145 149 31 136 58 192 136 198 58 108 132 104 91 32 204 154 57 122 143 120 35 157 36 28 63 170 236 231 83 98 103 111 43 145 84 114 49 151 194 102 84 140 120 149 124 115 184 208 222 218 171 134 191 156 40 26 129 194 141 86 206 142 203 133 35 178 210 74 167 71 75 240 167 108 112 207 218 184 54 208 191 83 26 113 134 163 235 160 178 107 124 47 73 229 224 133 108 96 238 38 116 135 41 74 78 86 134 51 217 216 67 201 207 50 109 73 103 85 52 145 45 220 72 29 183 199 154 219 29 234 37 31 142 108 168 41 232 187 109 123 212 36 170 101 119 44 30 30 165 198 168 29 159 134 194 76 94 97 207 46 178 27 129 66 205 170 74 154 76 229 53 215 109 176 73 94 60 93 137 99 220 56 68 116 110 164 78 30 173 118 46 111 69 221 229 136 235 82 183 137 34 125 
196 65 153 108 71 171 89 124 161 96 75 72 122 147 24 35 127 123 30 119 109 188 74 66 131 101 139 50 0 72 85 101 179 124 156 77 187 221 239 217 125 155 222 218 216 192 45 181 215 78 63 173 98 236 217 187 203 116 77 206 76 116 96 165 228 52 217 155 102 109 197 158 101 59 217 148 216 81 165 223 235 116 237 47 146 103 220 81 95 180 48 41 209 188 86 75 123 196 136 33 91 51 215 190 102 120 121 51 65 134 140 158 202 63 217 113 177 87 117 182 128 91 54 55 189 234 129 56 147 110 178 62 101 179 90 82 150 61 128 188 169 224 169 117 232 84 240 81 227 193 200 169 150 83 145 207 32 218 227 61 143 37 208 188 240 72 217 127 90 60 211 98 116 216 47 85 219 213 193 40 91 153 105 49 143 225 75 209 32 221 228 190 182 67 56 160 103 98 106 129 112 65 37 227 239 45 211 233 66 49 157 183 175 168 111 78 48 41 74 218 183 125 174 214 166 227 218 86 237 185 110 80 148 67 113 223 69 64 37 218 72 
186 76 72 102 63 150 124 217 185 51 38 39 35 212 120 41 185 105 62 180 55 130 189 212 231 96 115 173 72 0 138 176 36 204 199 33 111 105 237 118 171 123 146 199 234 217 60 133 30 140 216 196 235 145 120 66 161 142 165 27 57 183 237 134 232 54 99 40 110 55 58 126 206 99 55 164 160 79 121 91 198 147 227 91 238 190 123 224 158 66 110 171 99 39 64 75 201 26 240 36 193 227 50 214 240 112 176 139 183 107 48 225 165 105 146 109 101 162 125 183 165 213 148 107 67 212 69 85 58 42 199 130 62 203 116 175 209 142 69 63 198 120 90 239 141 119 169 129 194 231 65 57 150 218 117 71 212 114 49 62 124 163 26 177 95 54 170 187 122 81 233 151 45 40 29 74 223 142 101 90 70 108 219 62 165 91 88 42 180 193 70 96 99 117 66 129 139 211 95 213 72 38 107 158 82 208 67 142 171 155 104 183 239 211 171 114 143 112 38 176 181 36 208 210 217 36 145 193 59 181 159 208 145 137 196 232 239 156 42 119 163 
172 87 191 198 130 114 220 26 80 182 99 82 229 51 185 216 160 241 117 238 134 213 220 176 40 201 104 219 85 138 0 142 106 75 94 109 63 59 65 32 49 30 28 60 152 232 61 44 83 213 132 58 89 100 106 160 213 55 118 195 176 158 191 238 235 219 143 120 201 208 200 229 162 196 228 154 209 179 150 167 69 161 208 240 95 158 222 60 159 224 158 217 173 65 144 152 155 99 131 121 73 79 103 103 131 130 211 40 199 103 197 158 208 182 148 117 138 122 121 236 227 216 29 25 118 192 163 32 26 154 170 37 158 53 215 26 219 77 139 93 31 241 219 184 142 198 228 89 70 168 147 230 227 110 132 113 226 136 122 49 30 131 69 36 175 191 84 199 212 124 49 106 120 214 66 183 154 90 82 45 134 205 224 199 58 72 47 50 98 112 125 112 88 163 98 79 224 229 236 71 47 120 73 228 143 164 219 106 69 179 165 80 41 132 204 157 46 54 154 70 52 193 81 32 204 67 133 99 155 166 225 236 56 85 32 92 134 104 170 101 85 
228 58 54 102 173 142 105 158 229 171 88 148 207 121 158 155 75 178 106 193 43 78 25 36 199 240 31 194 101 176 142 0 24 84 148 173 187 174 114 177 163 184 73 86 161 79 215 166 172 56 132 147 161 184 32 54 61 168 46 181 228 204 213 194 204 117 174 72 73 122 47 173 166 159 101 146 153 210 66 191 108 210 187 174 65 156 129 218 159 120 205 80 138 166 154 166 122 145 87 237 93 59 214 76 179 151 146 148 124 220 81 59 88 159 192 31 230 78 132 88 226 110 140 45 160 96 32 117 66 190 89 152 66 202 65 47 184 138 189 49 175 192 79 56 148 39 99 97 60 62 41 202 203 167 189 192 182 117 215 27 173 216 220 108 195 64 116 144 29 119 39 160 52 236 61 94 223 131 80 175 180 132 164 203 196 56 107 105 79 237 203 35 88 206 196 104 218 67 55 29 90 101 204 98 219 179 73 24 138 181 43 169 69 27 117 68 198 101 44 27 172 176 102 100 145 153 224 238 206 90 78 46 79 130 139 184 93 209 113 52 188 
126 206 95 239 70 170 80 232 41 152 60 141 156 153 220 212 25 91 157 122 60 65 228 179 171 98 37 227 179 36 106 24 0 111 28 132 33 236 128 153 74 64 147 170 70 119 116 111 219 151 233 51 98 65 46 70 207 99 234 213 187 66 140 58 154 138 127 65 139 70 200 75 78 155 41 36 126 36 190 134 128 135 157 165 146 198 80 179 33 211 140 150 214 117 29 52 96 50 189 154 88 99 201 185 29 73 237 189 150 105 87 159 170 206 226 157 135 201 76 59 55 109 46 90 237 26 55 94 214 96 214 74 110 111 176 206 138 80 98 40 182 84 149 149 86 218 207 33 66 208 108 67 81 162 61 209 76 56 72 118 147 152 210 211 77 167 234 93 50 205 130 138 34 40 173 91 171 125 40 208 173 192 158 126 43 144 101 63 42 93 173 116 118 224 217 145 160 93 77 72 211 123 231 170 34 39 163 93 35 118 195 37 204 207 69 166 144 37 38 237 81 75 167 147 197 129 55 154 219 96 26 172 111 71 108 172 234 89 203 79 105 
164 195 86 165 43 61 186 48 239 115 202 214 129 183 118 90 63 164 204 196 146 192 100 233 223 43 171 145 124 204 75 84 111 0 139 139 64 121 234 59 27 226 171 98 68 144 157 240 81 210 183 147 62 198 38 139 156 179 213 76 103 224 122 127 149 31 239 78 191 150 174 84 237 213 217 163 198 182 237 204 112 25 84 125 78 90 212 26 29 148 103 210 69 137 88 111 117 89 89 167 52 27 139 30 105 132 155 79 229 206 236 67 171 143 192 177 140 80 79 55 52 128 191 36 79 64 48 130 52 187 122 181 30 233 193 31 208 166 112 128 102 53 91 200 166 216 107 137 121 92 85 166 128 80 43 34 229 35 225 105 35 138 238 37 154 184 96 87 83 225 134 199 214 201 97 37 33 231 63 162 179 87 202 45 140 185 108 215 60 152 100 95 26 55 189 111 190 178 107 229 154 232 159 104 72 73 203 24 135 181 51 129 206 134 119 25 49 36 233 200 142 128 156 239 83 158 78 224 84 133 82 185 170 51 171 44 156 235 160 38 165 
173 171 70 128 26 83 70 174 61 155 29 30 39 100 225 63 218 76 213 62 113 145 27 228 60 33 204 93 156 199 94 148 28 139 0 141 119 187 35 120 121 157 184 164 68 194 212 55 234 217 96 184 123 106 200 165 229 240 232 26 226 155 32 40 49 55 225 162 191 134 189 97 93 209 123 37 91 42 29 132 196 202 216 237 54 229 182 232 77 163 131 227 185 215 235 173 187 137 60 44 117 95 64 70 74 141 37 151 147 175 201 224 86 195 167 157 155 30 228 72 197 136 230 173 48 42 167 153 121 223 131 127 146 155 237 43 216 122 115 50 32 144 228 217 87 173 237 211 236 119 89 83 204 209 147 116 192 231 29 124 90 162 223 138 118 46 128 159 117 52 220 127 25 118 174 145 142 24 49 114 47 225 213 68 115 167 108 189 25 117 37 42 72 160 175 51 156 84 31 175 34 137 241 40 212 240 41 194 65 220 71 52 157 83 118 219 188 153 195 214 146 136 106 153 217 36 48 25 29 43 151 97 226 150 164 95 198 121 223 107 197 
149 56 101 209 27 169 35 91 209 62 80 89 139 33 203 179 90 84 241 179 130 120 33 37 182 149 220 230 77 33 109 173 132 139 141 0 224 226 142 43 30 37 109 39 165 229 59 117 125 159 193 131 78 182 137 161 49 159 90 132 193 152 59 128 194 141 129 185 67 236 239 90 148 143 208 107 109 170 208 34 61 193 150 52 194 212 41 233 134 28 56 75 158 166 153 162 174 205 174 157 49 61 118 57 185 175 93 165 176 211 68 206 56 114 146 171 79 234 147 134 76 90 87 147 218 119 25 188 136 219 65 152 70 224 174 85 135 193 140 81 133 182 119 31 196 25 140 127 181 170 109 31 44 158 180 204 51 189 87 186 169 226 92 155 210 160 184 78 154 209 239 212 125 209 56 113 185 183 110 170 197 71 155 179 178 112 98 216 73 131 153 123 175 67 216 152 213 132 64 64 168 202 109 163 110 122 129 162 127 78 30 157 64 191 31 155 165 94 146 107 89 154 110 189 133 240 231 233 191 47 207 180 220 120 114 141 163 229 233 162 241 
30 136 165 230 104 202 69 152 35 100 141 170 234 133 198 184 127 131 130 235 127 117 72 225 195 194 190 237 187 111 63 187 33 64 119 224 0 213 171 221 101 58 116 192 64 166 87 178 103 147 134 199 44 45 241 94 181 107 131 101 39 74 145 152 156 49 223 179 59 41 34 35 109 175 177 29 89 85 212 37 164 158 50 117 71 211 207 153 208 106 26 200 122 58 124 80 128 103 230 224 106 75 160 142 27 176 233 222 212 151 168 74 151 57 181 121 66 146 239 230 124 110 226 44 232 215 139 92 232 89 71 151 90 105 233 156 61 153 82 110 178 100 115 32 142 100 117 169 83 104 194 166 184 232 27 63 205 69 45 78 216 186 56 57 85 225 111 44 115 198 46 130 206 78 212 189 66 143 111 153 171 34 45 102 129 170 213 137 33 29 188 84 165 59 106 214 177 219 53 189 110 40 112 230 47 86 62 55 60 148 31 64 125 83 28 120 221 187 170 52 95 76 192 176 225 205 228 155 170 70 106 33 188 158 239 203 81 240 203 165 95 
61 79 231 115 30 51 97 216 38 55 50 103 178 29 182 160 236 49 197 167 95 180 84 114 196 176 138 90 221 105 59 174 236 121 187 226 213 0 126 119 147 80 162 49 163 77 240 125 122 43 218 169 76 93 195 107 224 176 25 57 27 113 200 239 69 129 81 64 144 27 239 152 162 134 198 157 59 120 185 212 184 230 206 63 221 120 164 207 78 218 91 91 233 83 137 125 230 37 81 204 25 60 83 234 39 188 52 143 29 94 167 54 119 88 219 207 101 50 215 147 24 130 179 93 153 105 110 112 112 137 58 95 70 184 84 154 50 143 172 166 187 138 157 142 106 147 71 72 99 134 52 221 226 88 169 132 129 67 232 211 51 212 34 218 191 144 30 36 200 202 194 32 170 162 157 228 143 170 132 31 184 186 232 60 124 26 172 166 241 177 191 59 117 109 107 149 33 166 76 152 169 83 235 141 209 60 42 194 199 53 119 144 97 176 85 229 218 178 195 99 97 109 197 129 151 154 126 150 57 59 116 110 56 172 81 119 111 72 197 63 149 
121 112 71 113 120 48 59 101 56 234 131 93 185 54 55 25 117 92 76 83 101 35 195 195 236 37 89 144 239 237 65 114 128 234 35 142 171 126 0 86 209 94 128 126 99 45 126 164 54 164 26 162 230 87 60 214 191 113 86 24 73 28 114 90 105 216 175 220 157 34 95 155 191 155 232 122 217 197 143 187 197 222 71 157 150 149 149 214 120 51 229 179 126 175 157 115 112 218 53 222 195 151 213 111 183 112 62 42 210 163 79 55 185 171 80 178 169 168 212 60 93 136 215 155 179 196 215 195 112 28 197 29 67 54 201 216 80 76 218 94 24 237 202 53 181 80 105 142 161 114 210 119 191 36 73 75 165 28 94 56 150 175 178 196 163 193 111 183 61 159 85 110 240 135 70 234 103 178 122 54 203 143 144 209 156 196 105 144 194 143 73 113 204 91 143 225 236 163 73 204 213 117 201 130 64 25 66 69 182 194 177 119 180 207 235 157 135 222 120 64 143 238 213 165 41 66 184 217 155 61 68 75 149 150 133 192 224 228 102 80 202 
206 233 151 123 51 134 57 165 184 199 148 165 186 237 179 90 148 115 189 116 108 48 70 217 193 72 227 145 217 118 32 177 153 59 120 43 221 119 86 0 214 37 101 42 89 190 25 93 53 28 77 136 104 143 125 84 39 192 126 27 54 168 206 87 214 51 183 140 72 90 96 112 175 114 123 216 222 46 42 82 78 132 179 164 171 140 55 47 214 142 134 176 62 114 185 67 106 140 48 74 160 169 44 176 109 107 127 81 109 27 144 209 183 79 74 126 50 157 225 165 148 63 153 56 85 165 95 103 237 64 232 70 83 176 237 149 92 227 163 176 91 114 232 98 174 72 133 60 93 147 88 239 211 240 120 87 69 206 185 129 113 42 159 156 156 156 195 50 27 155 178 223 205 117 32 83 53 102 227 126 129 137 129 200 218 235 153 125 48 47 237 207 72 90 232 128 82 92 212 139 137 151 187 64 114 102 223 54 85 188 109 116 160 174 62 28 120 24 177 36 104 128 75 30 129 147 182 102 176 97 177 66 241 70 179 111 134 133 69 29 172 
158 206 153 240 158 48 108 161 36 95 227 126 188 76 79 143 51 30 58 108 38 137 124 53 102 177 204 149 125 171 49 163 74 27 121 30 101 147 209 214 0 66 42 127 131 26 40 151 240 52 156 99 87 201 94 143 81 74 155 170 195 75 117 60 140 241 154 73 29 96 230 144 110 46 226 241 124 203 225 222 65 241 143 30 44 162 222 229 26 209 141 25 65 236 213 109 229 180 119 27 99 132 43 177 59 167 214 28 161 140 72 83 115 128 53 71 124 60 234 54 73 218 40 128 129 56 106 183 91 189 214 30 63 234 164 86 166 194 74 79 181 30 83 177 186 234 177 70 164 178 174 203 56 80 91 191 182 61 137 110 103 189 36 208 44 219 232 208 221 189 133 143 68 64 40 80 40 161 239 182 94 72 27 174 169 216 203 102 59 137 156 26 213 95 109 80 182 103 65 153 36 141 75 81 142 226 205 230 155 189 181 164 34 114 119 64 28 153 114 227 215 170 188 71 178 54 33 78 156 126 85 56 155 135 36 149 165 77 124 102 160 
98 48 178 40 92 115 158 121 42 40 140 233 238 65 119 182 211 216 176 37 205 142 212 104 219 33 190 31 155 123 30 184 64 226 157 37 58 80 94 37 66 0 40 102 144 60 77 59 208 132 118 113 33 135 109 195 42 161 140 77 204 29 228 46 87 79 203 116 190 59 154 177 155 113 80 163 99 140 124 139 132 37 220 45 52 152 107 125 25 166 59 187 192 220 63 147 109 116 138 222 161 85 209 231 220 158 113 97 220 184 71 53 231 173 214 30 217 71 25 126 224 133 34 78 72 152 101 56 52 67 111 168 76 173 175 99 56 232 115 141 54 218 136 112 91 58 209 55 32 43 138 164 179 95 142 24 32 83 147 80 158 202 185 170 42 145 165 84 101 83 183 119 106 27 111 113 58 96 236 125 72 209 144 78 123 28 232 227 175 70 173 81 180 139 36 239 106 154 177 183 231 170 231 159 210 135 200 219 203 229 125 162 170 144 173 212 157 151 128 228 241 126 114 164 200 192 169 181 63 227 63 35 69 153 83 158 85 44 127 225 144 
140 93 98 149 167 199 73 207 239 147 49 54 184 168 146 82 80 26 32 44 110 26 90 90 43 205 188 136 222 146 28 73 147 171 184 109 116 162 128 101 42 40 0 50 150 39 185 199 120 208 235 59 239 235 219 138 86 106 144 120 183 109 146 67 71 234 157 51 186 140 161 191 220 26 102 51 84 100 224 98 138 188 204 221 144 169 48 240 121 81 43 70 201 70 153 71 104 192 89 230 119 168 120 69 37 48 114 53 24 204 68 193 187 49 43 140 32 121 100 86 31 76 176 76 214 122 34 219 83 218 75 127 229 132 229 177 219 190 97 99 235 84 181 124 189 92 163 204 235 45 42 143 195 99 74 177 121 105 28 228 124 216 211 82 63 93 99 238 196 172 88 175 212 126 131 126 198 24 198 118 113 55 208 96 31 129 115 139 73 84 28 125 136 150 57 178 55 189 38 41 191 172 29 223 215 90 29 47 82 214 214 73 164 58 165 236 56 132 169 222 207 223 168 185 61 75 63 146 64 62 64 115 152 87 235 68 109 204 25 115 150 
152 56 145 213 134 161 198 223 197 38 197 214 157 234 62 116 229 166 148 59 135 161 159 55 81 83 106 58 218 199 60 86 170 98 164 39 192 49 126 42 127 102 50 0 197 86 153 167 138 241 30 195 142 146 136 107 29 230 230 172 104 112 93 50 210 87 147 58 30 32 178 122 167 156 107 115 184 109 77 68 24 63 218 156 172 89 209 36 168 143 26 241 173 205 121 180 76 179 27 164 220 97 30 29 53 169 230 177 227 126 104 95 164 73 145 79 123 26 31 131 78 212 108 149 37 115 229 205 33 56 119 89 235 131 85 233 224 138 60 43 215 236 169 190 166 60 195 182 158 48 120 188 214 96 33 217 110 61 137 185 58 226 152 78 239 241 195 212 177 214 90 128 99 90 226 142 202 203 202 200 114 190 226 55 225 76 132 182 205 193 105 240 57 101 95 62 133 83 122 190 220 224 45 49 45 109 160 197 174 149 186 160 193 45 126 82 133 66 168 169 120 33 40 90 96 197 125 43 221 68 97 133 119 212 66 140 135 166 131 225 116 
102 141 240 202 233 183 53 159 87 146 35 119 90 91 234 188 59 119 132 113 75 39 52 99 60 68 38 192 216 234 152 161 70 68 68 165 64 163 99 89 131 144 150 197 0 58 24 53 186 223 39 78 208 45 228 192 38 85 234 202 109 90 57 190 68 48 121 61 69 120 52 116 170 143 154 107 49 193 37 52 202 204 163 140 186 200 236 72 58 173 159 115 161 99 201 53 94 216 229 175 147 140 211 62 138 126 220 67 108 231 191 124 69 63 98 181 123 98 161 122 223 180 189 230 57 30 41 233 199 127 32 36 185 189 224 208 220 60 172 172 62 123 55 176 86 187 167 223 88 237 99 166 170 166 133 104 136 193 58 92 155 25 24 120 144 221 229 180 173 118 158 194 51 133 221 216 46 193 139 155 192 194 204 106 74 143 108 31 127 213 125 91 201 223 206 119 142 180 150 186 215 236 73 26 185 220 112 71 91 152 101 155 201 87 58 215 139 210 141 113 43 131 215 131 114 36 32 135 217 211 93 149 57 238 147 190 229 97 169 199 236 
